0
0.0192408
0.0384746
0.057694
0.0768922
0.0960618
0.115196
0.134287
0.153329
0.172314
0.191235
0.210085
0.228858
0.247546
0.266142
0.28464
0.303032
0.321312
0.339473
0.357508
0.375411
0.393175
0.410794
0.42826
0.445568
0.462711
0.479682
0.496476
0.513086
0.529507
0.545731
0.561753
0.577567
0.593167
0.608548
0.623703
0.638627
0.653315
0.667761
0.68196
0.695906
0.709595
0.723021
0.736179
0.749065
0.761673
0.773999
0.786039
0.797788
0.809241
0.820395
0.831245
0.841787
0.852018
0.861933
0.871529
0.880802
0.889749
0.898367
0.906652
0.914602
0.922213
0.929482
0.936407
0.942986
0.949215
0.955093
0.960617
0.965786
0.970597
0.975049
0.97914
0.982868
0.986232
0.989232
0.991865
0.99413
0.996028
0.997557
0.998716
0.999506
0.999926
0.999975
0.999654
0.998963
0.997903
0.996473
0.994673
0.992506
0.989971
0.98707
0.983803
0.980172
0.976178
0.971822
0.967107
0.962034
0.956604
0.95082
0.944685
0.938199
0.931366
0.924189
0.916669
0.908809
0.900614
0.892084
0.883225
0.874039
0.864528
0.854698
0.844552
0.834092
0.823324
0.812251
0.800878
0.789207
0.777245
0.764995
0.752461
0.739649
0.726563
0.713209
0.699589
0.685712
0.67158
0.657199
0.642576
0.627714
0.61262
0.597299
0.581757
0.565999
0.550032
0.533861
0.517493
0.500933
0.484188
0.467263
0.450165
0.432901
0.415476
0.397898
0.380172
0.362306
0.344305
0.326177
0.307928
0.289565
0.271095
0.252524
0.23386
0.21511
0.196279
0.177376
0.158408
0.139381
0.120302
0.101178
0.0820175
0.0628265
0.0436119
0.0243814
0.00514177
-0.0140997
-0.0333362
-0.0525599
-0.0717646
-0.0909427
-0.110087
-0.12919
-0.148246
-0.167247
-0.186186
-0.205056
-0.22385
-0.242561
-0.261182
-0.279707
-0.298128
-0.316439
-0.334632
-0.352702
-0.370641
-0.388443
-0.406101
-0.423608
-0.440959
-0.458147
-0.475165
-0.492007
-0.508666
-0.525138
-0.541415
-0.557492
-0.573362
-0.58902
-0.60446
-0.619676
-0.634662
-0.649414
-0.663925
-0.67819
-0.692205
-0.705963
-0.719459
-0.732689
-0.745649
-0.758331
-0.770734
-0.78285
-0.794677
-0.80621
-0.817444
-0.828376
-0.839001
-0.849315
-0.859315
-0.868996
-0.878356
-0.887391
-0.896097
-0.904471
-0.912511
-0.920212
-0.927573
-0.934591
-0.941262
-0.947585
-0.953557
-0.959176
-0.96444
-0.969347
-0.973895
-0.978082
-0.981907
-0.985369
-0.988466
-0.991197
-0.993561
-0.995557
-0.997184
-0.998443
-0.999331
-0.99985
-0.999998
-0.999776
-0.999184
-0.998222
-0.996891
-0.99519
-0.993121
-0.990684
-0.987881
-0.984711
-0.981177
-0.97728
-0.973021
-0.968402
-0.963424
-0.95809
-0.9524
-0.946359
-0.939966
-0.933226
-0.92614
-0.918711
-0.910943
-0.902837
-0.894396
-0.885624
-0.876525
-0.867101
-0.857356
-0.847294
-0.836918
-0.826232
-0.81524
-0.803946
-0.792354
-0.78047
-0.768296
-0.755838
-0.7431
-0.730086
-0.716803
-0.703254
-0.689445
-0.675381
-0.661066
-0.646507
-0.631708
-0.616675
-0.601414
-0.585931
-0.57023
-0.554319
-0.538202
-0.521886
-0.505376
-0.48868
-0.471803
-0.454751
-0.43753
-0.420148
-0.40261
-0.384923
-0.367093
-0.349127
-0.331033
-0.312816
-0.294482
-0.276041
-0.257496
-0.238856
-0.220128
-0.201319
-0.182434
-0.163482
-0.14447
-0.125405
-0.106293
-0.0871409
-0.0679569
-0.0487482
-0.0295211
-0.0102834
0.00895809
0.0281966
0.0474248
0.0666353
0.0858212
0.104975
0.12409
0.143159
0.162175
0.181132
0.20002
0.218835
0.23757
0.256215
0.274767
0.293216
0.311557
0.329782
0.347886
0.36586
0.383699
0.401397
0.418946
0.436338
0.45357
0.470634
0.487524
0.504233
0.520755
0.537085
0.553215
0.569142
0.584857
0.600356
0.615632
0.63068
0.645496
0.660071
0.674403
0.688485
0.702312
0.715879
0.729181
0.742213
0.75497
0.767447
0.779641
0.791545
0.803157
0.814472
0.825485
0.836192
0.846589
0.856674
0.86644
0.875887
0.885009
0.893803
0.902266
0.910395
0.918188
0.92564
0.932749
0.939513
0.945929
0.951996
0.957709
0.963068
0.968071
0.972715
0.976999
0.980921
0.98448
0.987674
0.990503
0.992965
0.99506
0.996786
0.998143
0.99913
0.999747
0.999995
0.999872
0.999379
0.998516
0.997283
0.995681
0.99371
0.991371
0.988666
0.985594
0.982157
0.978357
0.974195
0.969671
0.964789
0.95955
0.953955
0.948007
0.941709
0.935061
0.928067
0.92073
0.913052
0.905035
0.896684
0.888001
0.878988
0.869651
0.859991
0.850013
0.839721
0.829117
0.818207
0.806993
0.795481
0.783674
0.771577
0.759194
0.746531
0.733591
0.720379
0.706901
0.69316
0.679164
0.664915
0.650421
0.635685
0.620715
0.605515
0.59009
0.574447
0.558591
0.542529
0.526265
0.509806
0.49316
0.47633
0.459324
0.442148
0.424808
0.407311
0.389663
0.371871
0.353941
0.33588
0.317695
0.299392
0.280978
0.26246
0.243846
0.225141
0.206352
0.187488
0.168553
0.149556
0.130504
0.111404
0.0922617
0.0730857
0.0538834
0.0346604
0.0154246
-0.00381622
-0.0230571
-0.0422887
-0.0615046
-0.0806971
-0.0998604
-0.118987
-0.138068
-0.157099
-0.176072
-0.19498
-0.213816
-0.232572
-0.251242
-0.269819
-0.288296
-0.306667
-0.324924
-0.34306
-0.36107
-0.378947
-0.396682
-0.414271
-0.431707
-0.448982
-0.466091
-0.483028
-0.499786
-0.516359
-0.53274
-0.548926
-0.564906
-0.580679
-0.596236
-0.611572
-0.626682
-0.64156
-0.6562
-0.670597
-0.684747
-0.698643
-0.712279
-0.725652
-0.738757
-0.751588
-0.764141
-0.776411
-0.788393
-0.800083
-0.811478
-0.822572
-0.833361
-0.843841
-0.85401
-0.863862
-0.873394
-0.882603
-0.891485
-0.900037
-0.908256
-0.916139
-0.923682
-0.930883
-0.93774
-0.944249
-0.950409
-0.956217
-0.961671
-0.966769
-0.971509
-0.975889
-0.979908
-0.983564
-0.986856
-0.989783
-0.992343
-0.994536
-0.996361
-0.997816
-0.998902
-0.999619
-0.999965
-0.999941
-0.999547
-0.998782
-0.997648
-0.996145
-0.994273
-0.992032
-0.989425
-0.986451
-0.983111
-0.979408
-0.975342
-0.970915
-0.966129
-0.960985
-0.955485
-0.949631
-0.943426
-0.936871
-0.92997
-0.922724
-0.915137
-0.90721
-0.898948
-0.890353
-0.881429
-0.872178
-0.862604
-0.852711
-0.842502
-0.831981
-0.821152
-0.810019
-0.798586
-0.786858
-0.774838
-0.762531
-0.749942
-0.737075
-0.723936
-0.710528
-0.696858
-0.682929
-0.668746
-0.654317
-0.639646
-0.624738
-0.609598
-0.594233
-0.578648
-0.562848
-0.546841
-0.53063
-0.514223
-0.497626
-0.480845
-0.463885
-0.446754
-0.429457
-0.412002
-0.394393
-0.376639
-0.358745
-0.340719
-0.322566
-0.304294
-0.285909
-0.267419
-0.24883
-0.230148
-0.211381
-0.192535
-0.173619
-0.154638
-0.1356
-0.116512
-0.0973805
-0.078213
-0.0590165
-0.0397988
-0.0205657
-0.00132426
0.0179155
0.03715
0.0563709
0.0755708
0.0947428
0.11388
0.132974
0.15202
0.171009
0.189935
0.208789
0.227567
0.246261
0.264866
0.283369
0.301769
0.320057
0.338227
0.356271
0.374182
0.391956
0.409585
0.427062
0.444383
0.461537
0.478521
0.495326
0.511949
0.528382
0.54462
0.560657
0.576485
0.592101
0.607495
0.622666
0.637607
0.652311
0.666774
0.680991
0.694953
0.70866
0.722104
0.735282
0.748187
0.760815
0.773161
0.785219
0.796988
0.808462
0.819637
0.830508
0.841072
0.851324
0.86126
0.870878
0.880174
0.889144
0.897784
0.906092
0.914065
0.921699
0.928993
0.935942
0.942544
0.948798
0.9547
0.960249
0.965442
0.970278
0.974754
0.97887
0.982623
0.986013
0.989037
0.991695
0.993986
0.995909
0.997463
0.998648
0.999463
0.999909
0.999984
0.999688
0.999023
0.997988
0.996583
0.994809
0.992667
0.990157
0.987281
0.984039
0.980433
0.976464
0.972134
0.967443
0.962395
0.956989
0.95123
0.945118
0.938656
0.931847
0.924694
0.917197
0.909361
0.901189
0.892682
0.883845
0.874681
0.865194
0.855385
0.84526
0.834822
0.824075
0.813023
0.80167
0.790021
0.778078
0.765848
0.753333
0.74054
0.727472
0.714137
0.700536
0.686675
0.672561
0.658197
0.64359
0.628744
0.613667
0.598361
0.582834
0.567091
0.551138
0.534981
0.518626
0.50208
0.485347
0.468433
0.451347
0.434094
0.41668
0.399112
0.381397
0.36354
0.345548
0.327429
0.309188
0.290832
0.272369
0.253807
0.235149
0.216404
0.197579
0.17868
0.159716
0.140694
0.121617
0.102496
0.0833374
0.0641479
0.0449347
0.0257048
0.00646694
-0.0127748
-0.0320119
-0.0512371
-0.0704433
-0.0896235
-0.10877
-0.127876
-0.146935
-0.16594
-0.184883
-0.203758
-0.222558
-0.241277
-0.259903
-0.278435
-0.296863
-0.315182
-0.333384
-0.351462
-0.369411
-0.387221
-0.404889
-0.422408
-0.43977
-0.456969
-0.473999
-0.490853
-0.507524
-0.524009
-0.5403
-0.556391
-0.572277
-0.58795
-0.603404
-0.618635
-0.633638
-0.648406
-0.662934
-0.677217
-0.691248
-0.705023
-0.718538
-0.731787
-0.744765
-0.757467
-0.769889
-0.782025
-0.793872
-0.805425
-0.81668
-0.827633
-0.838279
-0.848615
-0.858637
-0.86834
-0.877722
-0.886779
-0.895508
-0.903905
-0.911968
-0.919693
-0.927077
-0.934118
-0.940814
-0.947161
-0.953157
-0.958801
-0.964089
-0.96902
-0.973593
-0.977806
-0.981656
-0.985143
-0.988265
-0.991021
-0.99341
-0.995431
-0.997084
-0.998368
-0.999282
-0.999826
-1
-0.999803
-0.999237
-0.9983
-0.996994
-0.995319
-0.993275
-0.990864
-0.988086
-0.984941
-0.981432
-0.97756
-0.973326
-0.968731
-0.963778
-0.958468
-0.952803
-0.946786
-0.940417
-0.933701
-0.926639
-0.919234
-0.911489
-0.903406
-0.894988
-0.886239
-0.877161
-0.86776
-0.858037
-0.847997
-0.837642
-0.826977
-0.816006
-0.804733
-0.793162
-0.781298
-0.769144
-0.756705
-0.743986
-0.730991
-0.717726
-0.704196
-0.690405
-0.676358
-0.66206
-0.647517
-0.632734
-0.617717
-0.602473
-0.587004
-0.571318
-0.555421
-0.539318
-0.523015
-0.506519
-0.489836
-0.472971
-0.45593
-0.438721
-0.42135
-0.403822
-0.386145
-0.368326
-0.35037
-0.332284
-0.314073
-0.295747
-0.277312
-0.258776
-0.240143
-0.22142
-0.202616
-0.183736
-0.164789
-0.145781
-0.12672
-0.10761
-0.0884611
-0.0692792
-0.0500716
-0.0308455
-0.011608
0.00763238
0.0268714
0.0461019
0.0653139
0.0845017
0.103658
0.122776
0.141848
0.160868
0.179828
0.198722
0.217543
0.236283
0.254935
0.273492
0.291949
0.310297
0.328531
0.346643
0.364627
0.382476
0.400183
0.417742
0.435146
0.45239
0.469465
0.486367
0.503088
0.519624
0.535967
0.552112
0.568052
0.583782
0.599296
0.614587
0.629651
0.644482
0.659075
0.673424
0.687523
0.701369
0.714953
0.728273
0.741324
0.754101
0.766598
0.778811
0.790736
0.802367
0.813702
0.824736
0.835464
0.845883
0.855989
0.865778
0.875246
0.88439
0.893207
0.901694
0.909847
0.917662
0.925138
0.932271
0.939059
0.945499
0.951589
0.957327
0.962711
0.967738
0.972406
0.976715
0.980662
0.984246
0.987466
0.99032
0.992807
0.994927
0.996678
0.998061
0.999074
0.999717
0.99999
0.999892
0.999425
0.998587
0.99738
0.995803
0.993858
0.991544
0.988864
0.985817
0.982406
0.978631
0.974493
0.969994
0.965137
0.959922
0.954352
0.948428
0.942153
0.93553
0.928559
0.921246
0.913591
0.905598
0.89727
0.888609
0.879619
0.870304
0.860667
0.850711
0.84044
0.829857
0.818968
0.807775
0.796283
0.784496
0.772419
0.760056
0.747411
0.73449
0.721297
0.707836
0.694115
0.680135
0.665904
0.651427
0.636708
0.621753
0.606568
0.59116
0.575531
0.55969
0.543641
0.527391
0.510945
0.49431
0.477494
0.4605
0.443335
0.426007
0.40852
0.390882
0.373101
0.35518
0.337128
0.318951
0.300656
0.28225
0.263739
0.245132
0.226432
0.207649
0.188789
0.169858
0.150865
0.131816
0.11272
0.093581
0.0744071
0.0552057
0.0359839
0.0167487
-0.00249272
-0.0217317
-0.0409641
-0.0601813
-0.0793763
-0.0985419
-0.117671
-0.136757
-0.15579
-0.174767
-0.193681
-0.212522
-0.231284
-0.24996
-0.268544
-0.287027
-0.305406
-0.323671
-0.341816
-0.359835
-0.37772
-0.395465
-0.413064
-0.43051
-0.447797
-0.464918
-0.481867
-0.498638
-0.515223
-0.531619
-0.547818
-0.563813
-0.5796
-0.595172
-0.610524
-0.625649
-0.640543
-0.6552
-0.669614
-0.683781
-0.697694
-0.711349
-0.72474
-0.737863
-0.750713
-0.763285
-0.775575
-0.787577
-0.799289
-0.810703
-0.821818
-0.832628
-0.84313
-0.85332
-0.863194
-0.872749
-0.881979
-0.890884
-0.899459
-0.907701
-0.915607
-0.923173
-0.930398
-0.937278
-0.943812
-0.949996
-0.955828
-0.961307
-0.96643
-0.971194
-0.975599
-0.979643
-0.983324
-0.986642
-0.989593
-0.992179
-0.994397
-0.996247
-0.997728
-0.998839
-0.999581
-0.999953
-0.999954
-0.999586
-0.998847
-0.997738
-0.99626
-0.994413
-0.992198
-0.989616
-0.986667
-0.983353
-0.979675
-0.975634
-0.971232
-0.96647
-0.96135
-0.955875
-0.950046
-0.943864
-0.937334
-0.930456
-0.923234
-0.91567
-0.907767
-0.899528
-0.890955
-0.882053
-0.872825
-0.863273
-0.853402
-0.843215
-0.832715
-0.821907
-0.810795
-0.799383
-0.787674
-0.775675
-0.763388
-0.750818
-0.73797
-0.724849
-0.71146
-0.697807
-0.683897
-0.669731
-0.655319
-0.640664
-0.625771
-0.610647
-0.595297
-0.579728
-0.563943
-0.547949
-0.531752
-0.515359
-0.498774
-0.482007
-0.465059
-0.447939
-0.430654
-0.413209
-0.395611
-0.377865
-0.359982
-0.341964
-0.32382
-0.305555
-0.287178
-0.268694
-0.250111
-0.231437
-0.212676
-0.193835
-0.174923
-0.155947
-0.136912
-0.117827
-0.0986999
-0.0795346
-0.0603398
-0.0411228
-0.0218904
-0.00264851
0.0165914
0.0358252
0.0550487
0.0742488
0.0934244
0.112562
0.131662
0.150709
0.169704
0.188633
0.207495
0.226278
0.244979
0.263587
0.282097
0.300506
0.318801
0.33698
0.355032
0.372955
0.390737
0.408375
0.425864
0.443193
0.460361
0.477355
0.494175
0.510812
0.527258
0.543508
0.55956
0.575401
0.591033
0.606443
0.621631
0.636586
0.651308
0.665787
0.680019
0.694
0.707725
0.721187
0.734383
0.747306
0.759954
0.772318
0.784399
0.796189
0.807682
0.818878
0.82977
0.840355
0.850627
0.860586
0.870226
0.879544
0.888536
0.8972
0.905531
0.913527
0.921184
0.928502
0.935474
0.942101
0.948378
0.954305
0.959878
0.965095
0.969956
0.974457
0.978598
0.982376
0.985791
0.98884
0.991524
0.99384
0.995789
0.997368
0.998579
0.999419
0.99989
0.99999
0.999721
0.999081
0.998071
0.996691
0.994943
0.992826
0.990342
0.987491
0.984274
0.980693
0.976749
0.972443
0.967778
0.962753
0.957373
0.951638
0.945551
0.939113
0.932328
0.925197
0.917725
0.909911
0.901761
0.893278
0.884463
0.875324
0.865857
0.856071
0.845967
0.835552
0.824825
0.813794
0.802461
0.790832
0.778909
0.766699
0.754203
0.74143
0.728382
0.715065
0.701481
0.687637
0.673541
0.659193
0.644604
0.629773
0.614712
0.59942
0.58391
0.56818
0.552243
0.536098
0.51976
0.503225
0.486506
0.469604
0.452531
0.435288
0.417886
0.400327
0.38262
0.364773
0.346789
0.32868
0.310445
0.292099
0.273645
0.255089
0.236436
0.217698
0.198877
0.179985
0.161023
0.142005
0.122931
0.103815
0.084657
0.0654709
0.0462576
0.0270301
0.00779266
-0.0114507
-0.0306868
-0.0499145
-0.0691208
-0.0883044
-0.107452
-0.126564
-0.145625
-0.164635
-0.183582
-0.202463
-0.221267
-0.239988
-0.258621
-0.277161
-0.295596
-0.313924
-0.332135
-0.350221
-0.36818
-0.386
-0.403679
-0.421207
-0.438581
-0.45579
-0.472834
-0.489696
-0.506383
-0.52288
-0.539185
-0.555289
-0.571189
-0.586875
-0.602347
-0.617593
-0.632613
-0.647398
-0.661942
-0.676243
-0.690289
-0.704084
-0.717616
-0.730884
-0.74388
-0.756602
-0.769042
-0.781199
-0.793066
-0.80464
-0.815915
-0.826889
-0.837556
-0.847914
-0.857955
-0.867681
-0.877087
-0.886166
-0.894918
-0.903338
-0.911424
-0.919172
-0.92658
-0.933645
-0.940364
-0.946735
-0.952756
-0.958423
-0.963736
-0.968692
-0.97329
-0.977527
-0.981402
-0.984914
-0.988061
-0.990843
-0.993257
-0.995304
-0.996982
-0.998291
-0.999231
-0.9998
-1
-0.999829
-0.999288
-0.998377
-0.997096
-0.995446
-0.993428
-0.991042
-0.988289
-0.985169
-0.981686
-0.977838
-0.973629
-0.96906
-0.964131
-0.958846
-0.953205
-0.947212
-0.940867
-0.934175
-0.927136
-0.919755
-0.912032
-0.903973
-0.895577
-0.886852
-0.877798
-0.868419
-0.858717
-0.848699
-0.838365
-0.827721
-0.816771
-0.805518
-0.793968
-0.782123
-0.769989
-0.757569
-0.74487
-0.731893
-0.71865
-0.705136
-0.691363
-0.677332
-0.663053
-0.648526
-0.633761
-0.618759
-0.60353
-0.588076
-0.572403
-0.556521
-0.540431
-0.524143
-0.507661
-0.490991
-0.474137
-0.45711
-0.439911
-0.422552
-0.405033
-0.387367
-0.369556
-0.35161
-0.333531
-0.315331
-0.297012
-0.278589
-0.260056
-0.241428
-0.222713
-0.203912
-0.185039
-0.166095
-0.147092
-0.128032
-0.108927
-0.0897786
-0.0706002
-0.0513927
-0.0321691
-0.0129336
0.00630666
0.0255476
0.0447761
0.063991
0.0831792
0.10234
0.121462
0.140537
0.159562
0.178526
0.197426
0.21625
0.234997
0.253652
0.272218
0.29068
0.309038
0.327279
0.345401
0.363392
0.381252
0.398968
0.416539
0.433952
0.451208
0.468297
0.485207
0.501943
0.51849
0.534848
0.551006
0.566962
0.582705
0.598235
0.613541
0.628623
0.643469
0.65808
0.672444
0.686562
0.700421
0.714025
0.727363
0.740434
0.75323
0.765746
0.77798
0.789923
0.801577
0.812932
0.823987
0.834736
0.845177
0.855304
0.865114
0.874604
0.883772
0.892611
0.90112
0.909295
0.917135
0.924633
0.931791
0.938603
0.945067
0.951182
0.956944
0.962351
0.967403
0.972097
0.97643
0.980402
0.984011
0.987256
0.990135
0.992648
0.994793
0.99657
0.997978
0.999016
0.999684
0.999983
0.999911
0.999469
0.998656
0.997475
0.995923
0.994003
0.991715
0.98906
0.986039
0.982652
0.978902
0.974789
0.970315
0.965483
0.960293
0.954747
0.948847
0.942597
0.935997
0.92905
0.92176
0.914128
0.906159
0.897853
0.889216
0.880248
0.870957
0.861341
0.851407
0.841157
0.830596
0.819727
0.808556
0.797083
0.785318
0.773259
0.760917
0.74829
0.735387
0.722213
0.708772
0.695069
0.681106
0.666893
0.652431
0.637729
0.62279
0.607621
0.592226
0.576614
0.560786
0.544752
0.528515
0.512084
0.495464
0.47866
0.461677
0.444525
0.427206
0.409728
0.392102
0.374328
0.356418
0.338373
0.320206
0.301917
0.28352
0.265017
0.246417
0.227722
0.208946
0.190089
0.171166
0.152175
0.133132
0.114036
0.0948979
0.0757277
0.0565264
0.0373072
0.0180712
-0.00116547
-0.0204077
-0.0396394
-0.0588594
-0.0780547
-0.097224
-0.116354
-0.135445
-0.154482
-0.173465
-0.19238
-0.211228
-0.229994
-0.248678
-0.267264
-0.285757
-0.304144
-0.322416
-0.340571
-0.358598
-0.376494
-0.394248
-0.411859
-0.429315
-0.446614
-0.463746
-0.480708
-0.497487
-0.514087
-0.530495
-0.546708
-0.562716
-0.578519
-0.594105
-0.609473
-0.624616
-0.639525
-0.6542
-0.66863
-0.682815
-0.696745
-0.710417
-0.723826
-0.736968
-0.749837
-0.762429
-0.774737
-0.78676
-0.798491
-0.809927
-0.821061
-0.831894
-0.842418
-0.852629
-0.862526
-0.8721
-0.881354
-0.890281
-0.898879
-0.907144
-0.915073
-0.922663
-0.929912
-0.936816
-0.943374
-0.949582
-0.955439
-0.960941
-0.966088
-0.970877
-0.975307
-0.979376
-0.983082
-0.986425
-0.989402
-0.992013
-0.994256
-0.996131
-0.997638
-0.998775
-0.999542
-0.999939
-0.999966
-0.999623
-0.99891
-0.997827
-0.996374
-0.994552
-0.992363
-0.989805
-0.986882
-0.983593
-0.979939
-0.975923
-0.971546
-0.96681
-0.961714
-0.956264
-0.950458
-0.944302
-0.937794
-0.930941
-0.923742
-0.916202
-0.908321
-0.900106
-0.891556
-0.882677
-0.87347
-0.863943
-0.854092
-0.843926
-0.833448
-0.822661
-0.81157
-0.800177
-0.78849
-0.776509
-0.764243
-0.751691
-0.738863
-0.72576
-0.71239
-0.698756
-0.684863
-0.670715
-0.656321
-0.641681
-0.626806
-0.611697
-0.596361
-0.580807
-0.565035
-0.549056
-0.532872
-0.516493
-0.499923
-0.483168
-0.466231
-0.449124
-0.431848
-0.414416
-0.396826
-0.379093
-0.361217
-0.34321
-0.325072
-0.306818
-0.288446
-0.269968
-0.251396
-0.232725
-0.213971
-0.195134
-0.176229
-0.157255
-0.138225
-0.119142
-0.100018
-0.0808531
-0.0616616
-0.0424444
-0.0232144
-0.00397276
0.0152643
0.0345017
0.0537234
0.0729281
0.0921059
0.111247
0.130349
0.1494
0.168399
0.187333
0.2062
0.224988
0.243695
0.262307
0.280827
0.29924
0.317545
0.33573
0.353794
0.371723
0.389518
0.407166
0.424666
0.442008
0.459185
0.476193
0.493023
0.509671
0.526129
0.542396
0.558459
0.574318
0.589962
0.605389
0.620591
0.635564
0.650301
0.664798
0.679048
0.693048
0.706789
0.720269
0.733484
0.746425
0.759092
0.771476
0.783577
0.795385
0.806901
0.818116
0.82903
0.839635
0.849931
0.859911
0.869573
0.878912
0.887928
0.896613
0.904968
0.912987
0.920668
0.928009
0.935005
0.941656
0.947957
0.953909
0.959506
0.964748
0.969633
0.974159
0.978324
0.982128
0.985567
0.988642
0.991351
0.993692
0.995666
0.997271
0.998507
0.999373
0.999869
0.999995
0.999751
0.999137
0.998152
0.996798
0.995075
0.992984
0.990525
0.987699
0.984507
0.980951
0.977032
0.972751
0.96811
0.963111
0.957755
0.952045
0.945981
0.939567
0.932806
0.925699
0.91825
0.91046
0.902334
0.893873
0.885082
0.875962
0.866519
0.856755
0.846674
0.836278
0.825575
0.814563
0.803252
0.791642
0.77974
0.767548
0.755072
0.742318
0.729287
0.715988
0.702422
0.6886
0.674519
0.660191
0.645616
0.630804
0.615756
0.600482
0.584984
0.569272
0.553346
0.537218
0.520889
0.504369
0.487663
0.470773
0.453712
0.43648
0.419089
0.40154
0.383846
0.366006
0.348034
0.32993
0.311707
0.293365
0.274918
0.256366
0.237725
0.21899
0.200177
0.181287
0.162333
0.143316
0.124245
0.105132
0.0859764
0.0667922
0.0475804
0.0283539
0.00911388
-0.0101265
-0.0293631
-0.0485889
-0.0677996
-0.0869823
-0.106136
-0.125247
-0.144315
-0.163326
-0.18228
-0.201163
-0.219975
-0.238706
-0.257345
-0.275889
-0.29433
-0.312666
-0.330883
-0.34898
-0.366946
-0.384778
-0.402465
-0.420006
-0.437388
-0.454611
-0.471664
-0.488544
-0.505241
-0.52175
-0.538067
-0.554187
-0.570102
-0.585803
-0.601289
-0.616551
-0.631587
-0.646386
-0.660949
-0.675264
-0.689332
-0.703143
-0.716695
-0.729977
-0.742994
-0.755733
-0.768195
-0.78037
-0.792258
-0.803851
-0.815149
-0.826144
-0.836832
-0.847211
-0.857275
-0.867024
-0.876448
-0.885551
-0.894325
-0.902769
-0.910877
-0.918649
-0.92608
-0.93317
-0.939912
-0.946308
-0.952352
-0.958045
-0.963382
-0.968363
-0.972985
-0.977247
-0.981147
-0.984684
-0.987856
-0.990663
-0.993103
-0.995175
-0.996879
-0.998213
-0.999178
-0.999773
-0.999998
-0.999852
-0.999337
-0.998452
-0.997196
-0.995572
-0.993579
-0.991218
-0.98849
-0.985396
-0.981937
-0.978115
-0.97393
-0.969385
-0.964481
-0.959221
-0.953605
-0.947635
-0.941316
-0.934647
-0.927632
-0.920274
-0.912575
-0.904538
-0.896167
-0.887463
-0.87843
-0.869074
-0.859394
-0.849399
-0.839086
-0.828465
-0.817535
-0.806304
-0.794773
-0.782949
-0.770833
-0.758435
-0.745753
-0.732797
-0.719568
-0.706074
-0.692319
-0.678308
-0.664044
-0.649533
-0.634785
-0.619799
-0.604585
-0.589146
-0.573491
-0.557621
-0.541547
-0.525271
-0.508802
-0.492142
-0.475305
-0.458287
-0.441102
-0.423751
-0.406246
-0.388588
-0.370789
-0.352849
-0.334779
-0.316588
-0.298276
-0.279857
-0.261332
-0.242713
-0.224004
-0.205212
-0.186341
-0.167404
-0.148402
-0.129348
-0.110243
-0.0911004
-0.0719211
-0.0527181
-0.0334926
-0.0142577
0.00498542
0.0242237
0.0434531
0.0626694
0.0818594
0.101022
0.120145
0.139225
0.158252
0.177222
0.196125
0.214957
0.233707
0.252373
0.270943
0.289413
0.307776
0.326027
0.344155
0.362158
0.380027
0.397753
0.415334
0.432759
0.450026
0.467124
0.484051
0.500797
0.51736
0.533726
0.5499
0.565868
0.581628
0.597171
0.612495
0.62759
0.642455
0.65708
0.671463
0.685599
0.699478
0.7131
0.726454
0.739543
0.752356
0.764893
0.777145
0.789111
0.800783
0.81216
0.823234
0.834006
0.844467
0.854617
0.864449
0.873963
0.88315
0.892013
0.900545
0.908743
0.916606
0.924128
0.931309
0.938144
0.944633
0.950772
0.956559
0.961991
0.967067
0.971785
0.976143
0.98014
0.983774
0.987044
0.989949
0.992486
0.994657
0.996459
0.997893
0.998956
0.99965
0.999974
0.999928
0.999511
0.998724
0.997568
0.996042
0.994147
0.991885
0.989255
0.986259
0.982897
0.979172
0.975084
0.970635
0.965827
0.960661
0.95514
0.949265
0.943039
0.936462
0.92954
0.922273
0.914666
0.906718
0.898436
0.889821
0.880877
0.871605
0.862013
0.852099
0.841874
0.831333
0.820486
0.809334
0.797882
0.786137
0.774098
0.761775
0.749168
0.736286
0.723128
0.709706
0.696018
0.682077
0.667879
0.653436
0.638749
0.623827
0.608673
0.593295
0.577695
0.561884
0.545862
0.529638
0.513221
0.496611
0.47982
0.462851
0.445711
0.428403
0.410939
0.39332
0.375558
0.357655
0.339622
0.32146
0.303182
0.28479
0.266294
0.247697
0.229011
0.210241
0.191392
0.17247
0.153484
0.134444
0.115351
0.0962191
0.077048
0.0578515
0.0386305
0.0193982
0.000155795
-0.0190837
-0.0383162
-0.0575344
-0.0767344
-0.0959029
-0.115039
-0.134129
-0.153173
-0.17216
-0.191081
-0.209933
-0.228705
-0.247395
-0.265991
-0.284491
-0.30288
-0.321162
-0.339323
-0.357361
-0.375264
-0.393031
-0.410649
-0.428118
-0.445426
-0.462572
-0.479544
-0.496341
-0.512954
-0.529374
-0.545599
-0.561621
-0.577438
-0.593039
-0.608423
-0.623579
-0.638507
-0.653196
-0.667645
-0.681845
-0.695794
-0.709484
-0.722913
-0.736071
-0.74896
-0.761569
-0.773899
-0.785941
-0.797693
-0.809149
-0.820305
-0.831158
-0.841702
-0.851936
-0.861853
-0.871453
-0.880728
-0.889677
-0.898297
-0.906586
-0.914537
-0.922152
-0.929423
-0.936352
-0.942933
-0.949166
-0.955047
-0.960574
-0.965746
-0.97056
-0.975015
-0.979107
-0.982839
-0.986206
-0.989209
-0.991844
-0.994113
-0.996014
-0.997546
-0.998708
-0.999501
-0.999924
-0.999976
-0.999659
-0.998971
-0.997913
-0.996486
-0.99469
-0.992525
-0.989993
-0.987095
-0.983831
-0.980203
-0.976211
-0.971859
-0.967147
-0.962076
-0.956649
-0.95087
-0.944737
-0.938254
-0.931424
-0.924249
-0.916732
-0.908876
-0.900682
-0.892155
-0.883299
-0.874114
-0.864607
-0.854779
-0.844637
-0.834179
-0.823415
-0.812343
-0.800973
-0.789304
-0.777345
-0.765096
-0.752566
-0.739755
-0.726672
-0.713318
-0.6997
-0.685825
-0.671697
-0.657319
-0.642696
-0.627837
-0.612744
-0.597426
-0.581884
-0.56613
-0.550163
-0.533995
-0.517627
-0.501069
-0.484324
-0.467402
-0.450307
-0.433045
-0.41562
-0.398044
-0.380318
-0.362451
-0.344453
-0.326324
-0.308078
-0.289714
-0.271246
-0.252675
-0.234013
-0.215264
-0.196436
-0.177532
-0.158565
-0.139537
-0.12046
-0.101335
-0.0821759
-0.0629833
-0.0437704
-0.0245382
-0.005297
0.0139432
0.0331782
0.052401
0.0716043
0.0907871
0.10993
0.129033
0.148088
0.167094
0.186032
0.204901
0.223694
0.242411
0.261031
0.279555
0.297976
0.316286
0.334485
0.352555
0.370494
0.388295
0.405959
0.423466
0.440817
0.458005
0.475029
0.491871
0.508531
0.525003
0.54128
0.557358
0.573233
0.588892
0.604333
0.619549
0.634542
0.649294
0.663806
0.678077
0.692092
0.705851
0.719349
0.732585
0.745541
0.758229
0.770633
0.782751
0.79458
0.806118
0.817354
0.828287
0.838914
0.849233
0.859234
0.868918
0.878283
0.887319
0.896027
0.904404
0.912446
0.920149
0.927515
0.934535
0.941208
0.947534
0.95351
0.959132
0.964398
0.969308
0.97386
0.97805
0.981878
0.985342
0.988443
0.991176
0.993543
0.995543
0.997172
0.998434
0.999325
0.999847
0.999998
0.99978
0.999191
0.998232
0.996903
0.995206
0.99314
0.990706
0.987905
0.984739
0.981208
0.977313
0.973058
0.968441
0.963465
0.958134
0.952448
0.946409
0.940019
0.933281
0.926199
0.918774
0.911006
0.902903
0.894468
0.8857
0.876601
0.867181
0.857439
0.84738
0.837004
0.826321
0.815332
0.804038
0.79245
0.780569
0.768398
0.755939
0.743204
0.730194
0.716914
0.703364
0.689558
0.675496
0.661185
0.646624
0.631828
0.616799
0.601541
0.586055
0.570358
0.554454
0.538335
0.522021
0.505515
0.488821
0.471941
0.454892
0.437674
0.420294
0.402753
0.385068
0.367241
0.349278
0.33118
0.312965
0.294634
0.276194
0.257646
0.239008
0.220282
0.201469
0.182586
0.163636
0.144626
0.125556
0.106446
0.0872957
0.0681195
0.0489061
0.0296806
0.0104441
-0.00879631
-0.0280394
-0.0472661
-0.0664754
-0.08566
-0.104819
-0.123933
-0.143001
-0.162022
-0.180978
-0.199866
-0.21868
-0.237419
-0.256065
-0.274615
-0.293064
-0.311411
-0.329636
-0.347739
-0.365713
-0.383558
-0.401255
-0.418803
-0.436191
-0.453429
-0.470493
-0.487383
-0.504097
-0.52062
-0.53695
-0.553082
-0.569013
-0.584729
-0.600228
-0.615506
-0.63056
-0.645375
-0.659952
-0.674285
-0.688372
-0.7022
-0.715769
-0.729072
-0.742109
-0.754867
-0.767346
-0.779545
-0.791451
-0.803065
-0.814381
-0.825399
-0.836104
-0.846504
-0.85659
-0.866362
-0.87581
-0.884934
-0.89373
-0.902198
-0.91033
-0.918124
-0.925579
-0.932693
-0.939459
-0.945878
-0.951948
-0.957664
-0.963026
-0.968031
-0.972679
-0.976966
-0.98089
-0.984452
-0.98765
-0.990482
-0.992947
-0.995044
-0.996773
-0.998133
-0.999123
-0.999744
-0.999994
-0.999874
-0.999384
-0.998524
-0.997294
-0.995696
-0.993728
-0.991392
-0.988689
-0.985621
-0.982188
-0.978389
-0.97423
-0.96971
-0.964831
-0.959593
-0.954002
-0.948057
-0.941762
-0.935116
-0.928125
-0.920791
-0.913114
-0.905101
-0.896755
-0.888075
-0.879064
-0.869729
-0.860073
-0.850099
-0.839806
-0.829206
-0.818298
-0.807088
-0.795576
-0.783772
-0.771678
-0.759299
-0.746634
-0.733697
-0.720489
-0.707009
-0.693272
-0.679278
-0.665033
-0.650537
-0.635805
-0.620837
-0.60564
-0.590213
-0.574573
-0.55872
-0.542665
-0.526399
-0.509944
-0.4933
-0.476473
-0.459464
-0.44229
-0.424953
-0.407453
-0.389808
-0.372018
-0.354091
-0.336027
-0.317844
-0.299543
-0.281131
-0.26261
-0.243997
-0.225294
-0.206508
-0.187639
-0.168706
-0.149711
-0.130661
-0.111556
-0.0924161
-0.0732419
-0.0540405
-0.0348191
-0.0155849
0.00365518
0.0228999
0.0421301
0.0613447
0.0805366
0.0997046
0.11883
0.137911
0.156941
0.175919
0.194826
0.213661
0.232416
0.251092
0.269668
0.288145
0.306521
0.324778
0.342914
0.360923
0.378805
0.39654
0.414129
0.431565
0.44884
0.46595
0.482887
0.499645
0.516224
0.532606
0.548791
0.564773
0.580551
0.596108
0.611445
0.626561
0.64144
0.656081
0.670479
0.684634
0.698531
0.712169
0.725543
0.738653
0.751485
0.76404
0.776311
0.788298
0.799991
0.811386
0.822482
0.833276
0.843755
0.853926
0.863783
0.873317
0.882528
0.891412
0.899969
0.90819
0.916075
0.92362
0.930826
0.937685
0.944197
0.950359
0.956172
0.961628
0.966729
0.971471
0.975855
0.979877
0.983536
0.986832
0.989761
0.992324
0.99452
0.996347
0.997806
0.998895
0.999614
0.999964
0.999943
0.999552
0.99879
0.997659
0.996159
0.99429
0.992053
0.989447
0.986477
0.983141
0.979439
0.975377
0.970953
0.96617
0.961027
0.955531
0.94968
0.943478
0.936925
0.930027
0.922784
0.9152
0.907275
0.899016
0.890427
0.881506
0.872255
0.862685
0.852795
0.842586
0.832068
0.821243
0.810113
0.79868
0.786955
0.774938
0.762634
0.750045
0.737181
0.724045
0.71064
0.696968
0.683043
0.668864
0.654438
0.639765
0.62486
0.609723
0.594356
0.578773
0.562977
0.546971
0.530764
0.51436
0.497765
0.480986
0.464024
0.446896
0.429602
0.412148
0.394537
0.376785
0.358894
0.34087
0.322714
0.304444
0.286062
0.267567
0.24898
0.2303
0.211535
0.192686
0.173771
0.154793
0.135756
0.116664
0.0975341
0.0783683
0.0591735
0.0399567
0.0207252
0.00148604
-0.0177537
-0.0369929
-0.0562123
-0.075411
-0.0945877
-0.113723
-0.132817
-0.151861
-0.170856
-0.189781
-0.208635
-0.227413
-0.246112
-0.264714
-0.283218
-0.301617
-0.319911
-0.33808
-0.356124
-0.374036
-0.391816
-0.409444
-0.426921
-0.444246
-0.461395
-0.478379
-0.495185
-0.511814
-0.528248
-0.544486
-0.560523
-0.576357
-0.591973
-0.607369
-0.622541
-0.637487
-0.652192
-0.666656
-0.680873
-0.694842
-0.70855
-0.721996
-0.735178
-0.748084
-0.760713
-0.77306
-0.785125
-0.796895
-0.808371
-0.819547
-0.830423
-0.840985
-0.851239
-0.861178
-0.870801
-0.880098
-0.88907
-0.897713
-0.906026
-0.914001
-0.921637
-0.928935
-0.935886
-0.942491
-0.948747
-0.954654
-0.960205
-0.965401
-0.970239
-0.97472
-0.978838
-0.982594
-0.985986
-0.989014
-0.991675
-0.993969
-0.995895
-0.997452
-0.99864
-0.999458
-0.999907
-0.999985
-0.999692
-0.99903
-0.997998
-0.996596
-0.994825
-0.992686
-0.990179
-0.987306
-0.984068
-0.980465
-0.976498
-0.97217
-0.967483
-0.962438
-0.957034
-0.951278
-0.94517
-0.93871
-0.931904
-0.924753
-0.91726
-0.909425
-0.901255
-0.892752
-0.883922
-0.874758
-0.865273
-0.855469
-0.845347
-0.834909
-0.824165
-0.813116
-0.801767
-0.790116
-0.778177
-0.76595
-0.753435
-0.740645
-0.727581
-0.714248
-0.700646
-0.686788
-0.672677
-0.658317
-0.643708
-0.628865
-0.61379
-0.598487
-0.582958
-0.567218
-0.551268
-0.535119
-0.518762
-0.502218
-0.485488
-0.468572
-0.451489
-0.434238
-0.416827
-0.399256
-0.381543
-0.363688
-0.345699
-0.327576
-0.309337
-0.290984
-0.272523
-0.253956
-0.2353
-0.216557
-0.197734
-0.178832
-0.15987
-0.140848
-0.121768
-0.10265
-0.0834927
-0.0643049
-0.0450873
-0.0258651
-0.00662723
0.0126131
0.0318547
0.0510785
0.0702834
0.0894623
0.108614
0.12772
0.146778
0.165782
0.18473
0.203604
0.222403
0.241126
0.259753
0.278284
0.296712
0.315036
0.333237
0.351315
0.369263
0.38708
0.404748
0.422266
0.439628
0.456833
0.473857
0.490712
0.507385
0.523875
0.540166
0.556258
0.572148
0.587821
0.603277
0.618509
0.633517
0.648286
0.662815
0.677099
0.691136
0.704913
0.718429
0.731679
0.744662
0.757365
0.769788
0.781926
0.793779
0.805333
0.81659
0.827547
0.838195
0.84853
0.858553
0.868262
0.877646
0.886705
0.895436
0.903838
0.911903
0.91963
0.927017
0.934063
0.94076
0.94711
0.953109
0.958756
0.964047
0.968981
0.973558
0.977773
0.981626
0.985115
0.988241
0.991
0.993392
0.995416
0.997072
0.998359
0.999276
0.999823
1
0.999807
0.999243
0.99831
0.997007
0.995335
0.993294
0.990885
0.98811
0.984969
0.981463
0.977593
0.973362
0.968771
0.963821
0.958512
0.952851
0.946836
0.940471
0.933756
0.926697
0.919296
0.911553
0.903471
0.895057
0.886311
0.877241
0.867839
0.85812
0.848082
0.837728
0.827066
0.816098
0.804829
0.793257
0.781396
0.769245
0.756809
0.74409
0.731099
0.717837
0.704309
0.690516
0.676472
0.662178
0.647634
0.632854
0.617841
0.602598
0.587128
0.571445
0.55555
0.53945
0.52315
0.506657
0.489976
0.473113
0.45607
0.438864
0.421495
0.40397
0.38629
0.368472
0.350518
0.332429
0.314222
0.295899
0.277466
0.258925
0.240294
0.221574
0.202771
0.183888
0.164943
0.145936
0.126876
0.107762
0.0886148
0.0694346
0.0502287
0.0310042
0.0117682
-0.00747209
-0.0267097
-0.0459433
-0.065154
-0.0843405
-0.103502
-0.122619
-0.14169
-0.16071
-0.179675
-0.198568
-0.217388
-0.236127
-0.254785
-0.273342
-0.291798
-0.310146
-0.328385
-0.346497
-0.364481
-0.382335
-0.400042
-0.417601
-0.435005
-0.452253
-0.469329
-0.486226
-0.502948
-0.519489
-0.535833
-0.551978
-0.567919
-0.583654
-0.599169
-0.614461
-0.629526
-0.644363
-0.658957
-0.673306
-0.687411
-0.701257
-0.714843
-0.728165
-0.741221
-0.753998
-0.766497
-0.778711
-0.790641
-0.802275
-0.813612
-0.824647
-0.83538
-0.845801
-0.855906
-0.865697
-0.87517
-0.884316
-0.893135
-0.901624
-0.909781
-0.917599
-0.925077
-0.932214
-0.939005
-0.945447
-0.95154
-0.957282
-0.962668
-0.967698
-0.972369
-0.976682
-0.980632
-0.984219
-0.987441
-0.990299
-0.992789
-0.994911
-0.996666
-0.998051
-0.999067
-0.999713
-0.999989
-0.999894
-0.99943
-0.998595
-0.997391
-0.995817
-0.993875
-0.991565
-0.988887
-0.985844
-0.982435
-0.978664
-0.974528
-0.970033
-0.965178
-0.959965
-0.954398
-0.948478
-0.942206
-0.935584
-0.928617
-0.921307
-0.913655
-0.905663
-0.897338
-0.88868
-0.879694
-0.870382
-0.860748
-0.850795
-0.840527
-0.829945
-0.819059
-0.807869
-0.796381
-0.784594
-0.77252
-0.76016
-0.747515
-0.734597
-0.721407
-0.707949
-0.694226
-0.68025
-0.666022
-0.651547
-0.636827
-0.621875
-0.606693
-0.591287
-0.575656
-0.559818
-0.543772
-0.52752
-0.511083
-0.494451
-0.477636
-0.46064
-0.443478
-0.426152
-0.408668
-0.391027
-0.373247
-0.355329
-0.337279
-0.319099
-0.300806
-0.282402
-0.263893
-0.245281
-0.226584
-0.207803
-0.188939
-0.170011
-0.15102
-0.131974
-0.112872
-0.0937346
-0.0745625
-0.0553628
-0.0361366
-0.0169089
0.00233093
0.0215699
0.0408069
0.0600228
0.0792165
0.0983809
0.117515
0.136599
0.155633
0.174609
0.193527
0.212367
0.231128
0.24981
0.268393
0.286877
0.305254
0.323525
0.34167
0.359688
0.377573
0.395324
0.412924
0.43037
0.447657
0.464783
0.481732
0.498498
0.515084
0.531485
0.547684
0.56368
0.579472
0.595045
0.610397
0.625524
0.640423
0.655081
0.669496
0.683664
0.697582
0.711238
0.724631
0.737756
0.750611
0.763185
0.775475
0.787483
0.799195
0.810612
0.821728
0.832543
0.843047
0.853239
0.863112
0.872671
0.881904
0.890811
0.899388
0.907635
0.915543
0.923112
0.930339
0.937224
0.94376
0.949946
0.955781
0.961264
0.966389
0.971156
0.975565
0.979612
0.983296
0.986616
0.989571
0.992159
0.99438
0.996233
0.997717
0.998832
0.999577
0.999951
0.999956
0.99959
0.998855
0.997749
0.996274
0.99443
0.992218
0.989638
0.986693
0.983382
0.979707
0.975668
0.971269
0.966511
0.961394
0.95592
0.950094
0.943916
0.937389
0.930513
0.923294
0.915733
0.907831
0.899595
0.891026
0.882127
0.872899
0.863354
0.853486
0.843302
0.832802
0.821998
0.810889
0.79948
0.787771
0.775774
0.76349
0.750924
0.738075
0.724957
0.711571
0.697922
0.684009
0.669848
0.655439
0.640782
0.625893
0.610772
0.595425
0.579853
0.56407
0.548079
0.531886
0.51549
0.498913
0.482147
0.465202
0.44808
0.430797
0.413355
0.395759
0.378012
0.36013
0.342115
0.323967
0.305705
0.28733
0.268849
0.250262
0.231589
0.212829
0.193991
0.175075
0.156101
0.137068
0.117985
0.098852
0.0796884
0.0604954
0.0412739
0.0220432
0.0028103
-0.0164296
-0.0356695
-0.0548901
-0.0740904
-0.0932633
-0.112408
-0.131504
-0.150552
-0.169545
-0.18848
-0.20734
-0.226123
-0.244822
-0.263437
-0.281948
-0.300355
-0.31865
-0.336833
-0.354886
-0.372808
-0.390597
-0.408236
-0.425723
-0.443053
-0.460225
-0.477221
-0.494034
-0.510671
-0.527123
-0.543375
-0.559425
-0.575269
-0.590905
-0.606317
-0.621504
-0.636461
-0.651188
-0.665668
-0.679903
-0.693889
-0.707615
-0.721079
-0.734275
-0.747204
-0.759852
-0.772219
-0.7843
-0.796094
-0.80759
-0.818787
-0.829681
-0.840271
-0.850546
-0.860507
-0.870146
-0.879469
-0.888463
-0.897129
-0.905465
-0.913463
-0.921123
-0.928442
-0.935419
-0.942048
-0.948328
-0.954257
-0.959834
-0.965055
-0.969918
-0.974422
-0.978566
-0.982347
-0.985764
-0.988817
-0.991504
-0.993823
-0.995774
-0.997357
-0.99857
-0.999414
-0.999888
-0.999991
-0.999724
-0.999087
-0.998081
-0.996704
-0.994959
-0.992845
-0.990364
-0.987516
-0.984302
-0.980724
-0.976784
-0.97248
-0.967817
-0.962796
-0.957417
-0.951686
-0.945601
-0.939167
-0.932383
-0.925256
-0.917787
-0.909977
-0.901828
-0.893348
-0.884537
-0.875399
-0.865937
-0.856154
-0.846054
-0.83564
-0.824915
-0.813887
-0.802557
-0.790927
-0.779008
-0.766801
-0.754309
-0.741534
-0.728489
-0.715174
-0.701594
-0.68775
-0.673656
-0.659313
-0.644725
-0.629894
-0.614835
-0.599548
-0.584038
-0.568308
-0.552373
-0.536232
-0.519888
-0.503357
-0.486645
-0.469747
-0.45267
-0.435431
-0.418031
-0.400475
-0.382766
-0.364921
-0.346941
-0.328832
-0.310596
-0.292251
-0.273797
-0.255242
-0.236587
-0.21785
-0.199032
-0.180135
-0.161177
-0.142159
-0.123089
-0.103967
-0.0848122
-0.0656264
-0.0464162
-0.0271829
-0.00794546
0.0112889
0.0305251
0.0497559
0.0689624
0.0881433
0.107292
0.126406
0.145468
0.164476
0.183429
0.202308
0.221112
0.239834
0.258474
0.277012
0.295447
0.313773
0.331988
0.350075
0.368032
0.385853
0.403537
0.421066
0.438439
0.455649
0.472696
0.489563
0.506243
0.522747
0.539052
0.555157
0.571056
0.586749
0.60222
0.617468
0.632488
0.647277
0.661823
0.676124
0.690174
0.703973
0.717507
0.730775
0.743773
0.7565
0.768942
0.7811
0.792973
0.804548
0.815825
0.8268
0.837472
0.847831
0.857876
0.867604
0.87701
0.886092
0.894846
0.903268
0.911359
0.919109
0.926519
0.933587
0.94031
0.946684
0.952707
0.958379
0.963695
0.968653
0.973253
0.977494
0.981372
0.984887
0.988037
0.990822
0.993239
0.995289
0.99697
0.998282
0.999225
0.999797
1
0.999832
0.999294
0.998386
0.997108
0.995461
0.993446
0.991063
0.988312
0.985197
0.981716
0.977872
0.973665
0.969098
0.964173
0.958891
0.953252
0.947262
0.940921
0.934232
0.927194
0.919816
0.912097
0.904038
0.895647
0.886924
0.877873
0.868493
0.858799
0.848783
0.838453
0.82781
0.816863
0.805614
0.794067
0.782221
0.77009
0.757674
0.744978
0.732001
0.718758
0.705249
0.691474
0.677447
0.66317
0.648647
0.633879
0.618881
0.603654
0.588204
0.572531
0.556651
0.540565
0.524278
0.507793
0.491125
0.47428
0.457254
0.440053
0.422695
0.405181
0.387511
0.369703
0.351758
0.333683
0.315479
0.297164
0.278738
0.26021
0.241579
0.222865
0.204068
0.185196
0.166249
0.147246
0.128189
0.109085
0.0899338
0.0707556
0.0515513
0.0323218
0.0130864
-0.00615386
-0.0253859
-0.0446204
-0.0638325
-0.0830209
-0.102179
-0.121304
-0.140379
-0.159402
-0.178366
-0.19727
-0.216095
-0.23484
-0.253498
-0.272068
-0.290531
-0.308887
-0.327134
-0.345255
-0.363247
-0.381105
-0.398828
-0.416397
-0.433812
-0.451067
-0.468159
-0.485074
-0.501808
-0.518352
-0.534714
-0.550873
-0.566828
-0.582573
-0.598108
-0.613416
-0.628497
-0.64335
-0.65796
-0.672327
-0.686444
-0.700312
-0.713916
-0.727256
-0.740327
-0.753128
-0.765645
-0.77788
-0.789826
-0.801484
-0.812841
-0.823897
-0.834648
-0.845094
-0.855223
-0.865036
-0.874529
-0.883697
-0.892539
-0.90105
-0.90923
-0.917071
-0.924573
-0.931732
-0.938548
-0.945015
-0.951132
-0.956897
-0.962309
-0.967363
-0.972059
-0.976396
-0.980372
-0.983983
-0.987231
-0.990114
-0.992629
-0.994777
-0.996557
-0.997968
-0.999009
-0.99968
-0.999982
-0.999913
-0.999474
-0.998665
-0.997486
-0.995938
-0.994021
-0.991736
-0.989084
-0.986065
-0.982682
-0.978935
-0.974824
-0.970354
-0.965524
-0.960337
-0.954793
-0.948897
-0.942649
-0.936053
-0.929108
-0.921821
-0.914193
-0.906226
-0.897921
-0.889287
-0.880323
-0.871033
-0.861418
-0.85149
-0.841244
-0.830683
-0.819818
-0.808649
-0.797181
-0.785414
-0.77336
-0.76102
-0.748398
-0.735494
-0.722323
-0.708884
-0.695183
-0.68122
-0.667009
-0.652551
-0.637852
-0.622911
-0.607745
-0.592354
-0.576739
-0.560915
-0.544883
-0.52865
-0.512215
-0.495596
-0.478799
-0.46182
-0.444664
-0.427349
-0.409876
-0.392251
-0.374475
-0.356566
-0.338525
-0.320359
-0.302069
-0.283672
-0.26517
-0.246565
-0.227874
-0.209098
-0.190245
-0.171316
-0.152329
-0.133286
-0.114194
-0.095053
-0.075883
-0.0566849
-0.0374659
-0.018227
0.00101267
0.020252
0.0394778
0.0587009
0.0778964
0.097063
0.1162
0.135287
0.154325
0.173305
0.192227
0.211073
0.229839
0.248521
0.267117
0.285608
0.303993
0.322266
0.340425
0.358452
0.376347
0.394102
0.411717
0.429174
0.446472
0.46361
0.480571
0.497355
0.513954
0.530363
0.546575
0.562585
0.578387
0.59398
0.609348
0.62449
0.639401
0.65408
0.668512
0.682697
0.696629
0.710307
0.723718
0.736861
0.749735
0.762328
0.774639
0.786662
0.798399
0.809835
0.820973
0.831806
0.842334
0.852547
0.862445
0.872024
0.881279
0.890209
0.898808
0.907076
0.915009
0.922602
0.929853
0.936761
0.943321
0.949532
0.955391
0.960898
0.966048
0.97084
0.975272
0.979345
0.983054
0.986399
0.989379
0.991993
0.994239
0.996117
0.997627
0.998767
0.999537
0.999937
0.999967
0.999627
0.998917
0.997837
0.996387
0.994569
0.992382
0.989828
0.986907
0.983621
0.979971
0.975959
0.971583
0.96685
0.961758
0.95631
0.950507
0.944353
0.93785
0.930997
0.923802
0.916264
0.908388
0.900173
0.891626
0.88275
0.873547
0.864018
0.854172
0.844013
0.833538
0.822751
0.811663
0.800274
0.78859
0.776609
0.764345
0.751798
0.738968
0.725869
0.712501
0.698869
0.684975
0.67083
0.656438
0.641803
0.626925
0.61182
0.596488
0.580936
0.565163
0.549187
0.533007
0.516629
0.500055
0.483302
0.466374
0.449263
0.431992
0.41456
0.396975
0.379237
0.361365
0.343359
0.325225
0.306966
0.288598
0.270124
0.25155
0.232877
0.214123
0.19529
0.176385
0.157409
0.13838
0.1193
0.10017
0.0810084
0.0618171
0.042603
0.0233671
0.00412855
-0.0151115
-0.034346
-0.0535678
-0.0727697
-0.0919448
-0.111086
-0.130192
-0.149243
-0.16824
-0.187174
-0.206044
-0.224833
-0.243538
-0.262159
-0.280677
-0.299091
-0.317395
-0.335586
-0.353648
-0.371579
-0.389372
-0.407026
-0.424525
-0.441866
-0.459043
-0.476056
-0.492888
-0.509537
-0.525997
-0.542262
-0.558327
-0.574185
-0.589836
-0.605263
-0.620466
-0.63544
-0.650182
-0.66468
-0.678931
-0.692931
-0.706679
-0.72016
-0.733376
-0.746319
-0.758991
-0.771377
-0.783478
-0.795289
-0.806809
-0.818026
-0.828941
-0.839552
-0.849849
-0.859832
-0.869496
-0.878841
-0.887855
-0.896543
-0.904899
-0.912923
-0.920606
-0.927949
-0.934948
-0.941603
-0.947907
-0.95386
-0.95946
-0.964707
-0.969594
-0.974123
-0.978293
-0.982098
-0.985541
-0.988618
-0.991331
-0.993675
-0.995652
-0.997259
-0.998499
-0.999368
-0.999867
-0.999996
-0.999754
-0.999143
-0.998162
-0.996811
-0.995091
-0.993003
-0.990547
-0.987723
-0.984535
-0.980982
-0.977066
-0.972787
-0.96815
-0.963153
-0.957801
-0.952091
-0.946031
-0.939621
-0.932863
-0.925758
-0.918312
-0.910526
-0.902402
-0.893942
-0.885154
-0.876038
-0.866595
-0.856834
-0.846756
-0.836367
-0.825662
-0.814655
-0.803347
-0.791741
-0.779838
-0.76765
-0.755178
-0.742426
-0.729396
-0.716099
-0.702537
-0.688716
-0.674634
-0.660308
-0.645737
-0.630922
-0.615879
-0.600607
-0.585113
-0.569397
-0.553476
-0.53735
-0.521024
-0.504501
-0.487796
-0.47091
-0.453856
-0.436623
-0.419233
-0.401688
-0.383995
-0.366154
-0.348183
-0.330083
-0.311855
-0.293517
-0.275071
-0.256522
-0.237873
-0.219142
-0.20033
-0.181443
-0.162484
-0.14347
-0.124403
-0.10529
-0.0861316
-0.0669477
-0.047739
-0.0285126
-0.00926966
0.00997071
0.0292074
0.0484333
0.0676412
0.0868241
0.105975
0.125092
0.144158
0.163169
0.182121
0.201011
0.21982
0.238549
0.257188
0.275739
0.294181
0.312515
0.330733
0.348834
0.366801
0.384631
0.402325
0.419864
0.437248
0.45447
0.471529
0.488408
0.505106
0.521617
0.537941
0.554055
0.569969
0.585672
0.601162
0.616426
0.631461
0.646263
0.66083
0.675147
0.689215
0.703032
0.716584
0.729871
0.742888
0.755633
0.768095
0.780273
0.792161
0.80376
0.815058
0.826054
0.836745
0.847128
0.857195
0.866945
0.876373
0.88548
0.894254
0.902699
0.910813
0.918587
0.92602
0.933111
0.939859
0.946257
0.952304
0.957998
0.96334
0.968323
0.972948
0.977213
0.981117
0.984657
0.987832
0.990641
0.993084
0.995159
0.996866
0.998204
0.999172
0.99977
0.999998
0.999855
0.999343
0.99846
0.997208
0.995587
0.993597
0.991239
0.988514
0.985423
0.981967
0.978148
0.973967
0.969424
0.964523
0.959266
0.953651
0.947685
0.941368
0.934703
0.927689
0.920335
0.912639
0.904606
0.896235
0.887535
0.878506
0.869152
0.859473
0.849479
0.839171
0.828555
0.817626
0.806398
0.794871
0.783046
0.770935
0.758538
0.745861
0.732903
0.719678
0.706187
0.692434
0.67842
0.66416
0.649654
0.634907
0.619921
0.60471
0.589274
0.573621
0.557751
0.541678
0.525406
0.508933
0.492278
0.47544
0.458426
0.441242
0.423895
0.406391
0.388737
0.370933
0.352998
0.334931
0.316741
0.298428
0.28001
0.261488
0.24287
0.224156
0.205364
0.186497
0.167554
0.148556
0.129502
0.110401
0.0912526
0.0720765
0.0528737
0.0336513
0.0144105
-0.00482962
-0.024068
-0.0432975
-0.0625109
-0.0817012
-0.100861
-0.119984
-0.139068
-0.158095
-0.177063
-0.195972
-0.214802
-0.233553
-0.252217
-0.270793
-0.289264
-0.307627
-0.325877
-0.344011
-0.362013
-0.37988
-0.397607
-0.415193
-0.432618
-0.449884
-0.466984
-0.483915
-0.500662
-0.517224
-0.5336
-0.549772
-0.565737
-0.581497
-0.597046
-0.61237
-0.627466
-0.642331
-0.656962
-0.671346
-0.685481
-0.699362
-0.712988
-0.726347
-0.739436
-0.752252
-0.764793
-0.777047
-0.789013
-0.800691
-0.812069
-0.823146
-0.833918
-0.844385
-0.854536
-0.864371
-0.873886
-0.88308
-0.891944
-0.900475
-0.908676
-0.916543
-0.924067
-0.93125
-0.938088
-0.944581
-0.950722
-0.956511
-0.961948
-0.967027
-0.971748
-0.976109
-0.98011
-0.983746
-0.987019
-0.989926
-0.992468
-0.994641
-0.996446
-0.997882
-0.998949
-0.999646
-0.999973
-0.999929
-0.999516
-0.998732
-0.997579
-0.996056
-0.994164
-0.991905
-0.989278
-0.986284
-0.982926
-0.979204
-0.97512
-0.970673
-0.965868
-0.960705
-0.955187
-0.949314
-0.94309
-0.936518
-0.929599
-0.922333
-0.914729
-0.906785
-0.898504
-0.889892
-0.880951
-0.871683
-0.86209
-0.852181
-0.841956
-0.831423
-0.820575
-0.809427
-0.79798
-0.786237
-0.774199
-0.761878
-0.749275
-0.736395
-0.723238
-0.709818
-0.696134
-0.682189
-0.667995
-0.653554
-0.638871
-0.623947
-0.608796
-0.59342
-0.577825
-0.56201
-0.545993
-0.529773
-0.513357
-0.496746
-0.479956
-0.462989
-0.44585
-0.428546
-0.411084
-0.393469
-0.375708
-0.357803
-0.339771
-0.321613
-0.303331
-0.284942
-0.266447
-0.247854
-0.229163
-0.210393
-0.191545
-0.172627
-0.153638
-0.134599
-0.115509
-0.0963771
-0.0772034
-0.058007
-0.0387892
-0.019551
-0.00031159
0.018928
0.0381605
0.0573849
0.0765761
0.0957449
0.114878
0.133975
0.153016
0.172001
0.190922
0.209778
0.22855
0.247238
0.265835
0.284339
0.302731
0.321012
0.339179
0.357216
0.37512
0.392885
0.41051
0.427978
0.445287
0.462431
0.47941
0.496205
0.512817
0.529239
0.545471
0.56149
0.577306
0.592909
0.608297
0.623455
0.638382
0.653073
0.667527
0.681728
0.695678
0.709374
0.722803
0.735965
0.748855
0.76147
0.773801
0.785844
0.797597
0.809058
0.820216
0.83107
0.841616
0.851855
0.861774
0.871375
0.880655
0.889607
0.89823
0.906517
0.914474
0.92209
0.929365
0.936295
0.942881
0.949116
0.954999
0.960529
0.965705
0.970521
0.974979
0.979075
0.98281
0.98618
0.989185
0.991825
0.994096
0.996
0.997535
0.9987
0.999496
0.999922
0.999977
0.999663
0.998978
0.997923
0.996499
0.994706
0.992545
0.990016
0.987121
0.983859
0.980234
0.976247
0.971897
0.967187
0.96212
0.956696
0.950917
0.944788
0.938308
0.931482
0.924308
0.916794
0.908941
0.900751
0.892225
0.883372
0.874191
0.864687
0.85486
0.844719
0.834265
0.823506
0.812436
0.801068
0.789403
0.777443
0.765198
0.75267
0.739864
0.726779
0.71343
0.699816
0.685943
0.671812
0.657437
0.642818
0.627961
0.612867
0.597551
0.582013
0.566255
0.550293
0.534127
0.517763
0.501202
0.48446
0.46754
0.450446
0.43318
0.415765
0.39819
0.380468
0.362599
0.344602
0.326477
0.308232
0.289866
0.271399
0.252831
0.23417
0.215416
0.196589
0.177688
0.158716
0.139691
0.120614
0.101493
0.0823282
0.0631388
0.043926
0.024697
0.0054528
-0.0137874
-0.0330225
-0.0522454
-0.0714549
-0.090626
-0.10977
-0.128872
-0.147934
-0.166934
-0.185873
-0.204748
-0.223542
-0.242254
-0.260875
-0.279406
-0.297827
-0.316139
-0.334333
-0.352409
-0.370349
-0.388152
-0.405811
-0.423325
-0.440678
-0.457867
-0.474891
-0.491735
-0.508397
-0.52487
-0.541154
-0.557233
-0.573101
-0.588761
-0.604208
-0.619427
-0.634416
-0.649171
-0.66369
-0.677958
-0.691976
-0.705737
-0.719241
-0.732475
-0.745437
-0.758124
-0.770534
-0.782654
-0.794485
-0.806026
-0.817264
-0.8282
-0.838829
-0.84915
-0.859155
-0.868841
-0.878205
-0.887247
-0.895958
-0.904335
-0.912379
-0.920088
-0.927454
-0.934477
-0.941154
-0.947484
-0.953462
-0.959086
-0.964357
-0.969269
-0.973823
-0.978016
-0.981848
-0.985316
-0.988418
-0.991155
-0.993525
-0.995527
-0.997161
-0.998425
-0.99932
-0.999844
-0.999999
-0.999783
-0.999197
-0.998241
-0.996916
-0.995221
-0.993158
-0.990728
-0.98793
-0.984766
-0.981238
-0.977348
-0.973095
-0.96848
-0.963509
-0.95818
-0.952497
-0.94646
-0.940074
-0.93334
-0.92626
-0.918835
-0.911072
-0.902972
-0.894535
-0.88577
-0.876676
-0.867258
-0.857516
-0.847459
-0.837089
-0.826409
-0.815423
-0.804135
-0.792549
-0.78067
-0.768498
-0.756045
-0.743313
-0.730305
-0.717023
-0.703479
-0.689675
-0.675611
-0.661302
-0.646747
-0.631954
-0.616921
-0.601665
-0.586186
-0.57049
-0.554578
-0.538466
-0.522154
-0.505649
-0.488952
-0.472078
-0.45503
-0.437808
-0.420435
-0.402901
-0.385217
-0.367386
-0.349424
-0.331332
-0.313118
-0.294783
-0.276344
-0.257802
-0.239165
-0.220434
-0.201627
-0.182745
-0.163796
-0.14478
-0.125717
-0.106606
-0.0874569
-0.0682689
-0.0490617
-0.0298363
-0.0105939
0.00864052
0.0278837
0.0471165
0.0663199
0.0855107
0.104658
0.123778
0.142841
0.161863
0.180824
0.199707
0.218528
0.237256
0.255908
0.274466
0.29291
0.311257
0.329489
0.347587
0.365568
0.383414
0.401107
0.418662
0.436051
0.45329
0.470361
0.487247
0.503963
0.520492
0.536819
0.552957
0.56888
0.584603
0.600099
0.615383
0.630439
0.645252
0.659835
0.674165
0.688255
0.702089
0.715656
0.728965
0.742005
0.754761
0.767247
0.77944
0.791353
0.802972
0.814287
0.825307
0.836022
0.846421
0.856512
0.866287
0.875735
0.884864
0.89366
0.902131
0.910263
0.918062
0.925517
0.932634
0.939406
0.945825
0.951899
0.95762
0.962982
0.967992
0.97264
0.976931
0.98086
0.984424
0.987625
0.99046
0.992927
0.995028
0.996761
0.998123
0.999117
0.99974
0.999994
0.999877
0.99939
0.998533
0.997305
0.99571
0.993746
0.991413
0.988713
0.985648
0.982217
0.978422
0.974267
0.969748
0.964874
0.959639
0.954049
0.948109
0.941814
0.935171
0.928185
0.920852
0.913182
0.905169
0.896821
0.888147
0.879138
0.869803
0.860153
0.850177
0.839887
0.829293
0.818384
0.80718
0.79567
0.783872
0.771777
0.759404
0.746742
0.733803
0.720601
0.707124
0.693384
0.679397
0.66515
0.650665
0.63593
0.620959
0.605769
0.590344
0.5747
0.558854
0.542791
0.526527
0.510078
0.49343
0.47661
0.459602
0.442425
0.425094
0.407596
0.389946
0.372163
0.354231
0.336179
0.317991
0.299686
0.281281
0.26276
0.244143
0.225446
0.206654
0.187786
0.16886
0.149871
0.130827
0.111723
0.0925772
0.0734092
0.054202
0.0349748
0.0157466
-0.00349939
-0.0227321
-0.0419684
-0.0611892
-0.0803753
-0.0995436
-0.118675
-0.137751
-0.156787
-0.175766
-0.194667
-0.213508
-0.232259
-0.250935
-0.269518
-0.28799
-0.306367
-0.32463
-0.342762
-0.360778
-0.37865
-0.396392
-0.413987
-0.431419
-0.448701
-0.465817
-0.482751
-0.499516
-0.516096
-0.532474
-0.548666
-0.564644
-0.580424
-0.595988
-0.611322
-0.626439
-0.641325
-0.655963
-0.670368
-0.684516
-0.698419
-0.712064
-0.725436
-0.738548
-0.751387
-0.763939
-0.776216
-0.788199
-0.79989
-0.811292
-0.822386
-0.833183
-0.843672
-0.853841
-0.863701
-0.873241
-0.882452
-0.891341
-0.899896
-0.908122
-0.916012
-0.923558
-0.930767
-0.937631
-0.944144
-0.950311
-0.956126
-0.961584
-0.966689
-0.971433
-0.97582
-0.979846
-0.983507
-0.986805
-0.989739
-0.992304
-0.994503
-0.996333
-0.997795
-0.998888
-0.99961
-0.999962
-0.999944
-0.999556
-0.998798
-0.997669
-0.996172
-0.994306
-0.992072
-0.98947
-0.986501
-0.983169
-0.979471
-0.97541
-0.97099
-0.966209
-0.961072
-0.955577
-0.949727
-0.94353
-0.936979
-0.930086
-0.922849
-0.915265
-0.907343
-0.899089
-0.890498
-0.881582
-0.872334
-0.862763
-0.852879
-0.842673
-0.832155
-0.821335
-0.810204
-0.798781
-0.787054
-0.775036
-0.762739
-0.750152
-0.737286
-0.724156
-0.71075
-0.69708
-0.683161
-0.66898
-0.65456
-0.639889
-0.624981
-0.609851
-0.594486
-0.5789
-0.56311
-0.547102
-0.530901
-0.514493
-0.497895
-0.481123
-0.464162
-0.44703
-0.429742
-0.412285
-0.394675
-0.37693
-0.359034
-0.341016
-0.322861
-0.304587
-0.286211
-0.267717
-0.249125
-0.230452
-0.211682
-0.192845
-0.173925
-0.154941
-0.135922
-0.11683
-0.0976951
-0.0785356
-0.059335
-0.0401124
-0.020887
-0.00164184
0.0175919
0.0368312
0.0560568
0.0752497
0.0944266
0.113569
0.132657
0.151707
0.17069
0.189622
0.208483
0.227255
0.245955
0.264564
0.283063
0.301469
0.319763
0.337928
0.355978
0.373886
0.391667
0.409302
0.426775
0.444101
0.461262
0.478242
0.495055
0.511675
0.528115
0.54436
0.560394
0.576229
0.591852
0.607245
0.622424
0.637372
0.652074
0.666544
0.680759
0.69473
0.708444
0.721888
0.735072
0.747984
0.760611
0.772965
0.785017
0.796794
0.808275
0.819451
0.830329
0.840901
0.851154
0.861099
0.870724
0.880022
0.888999
0.897642
0.905957
0.913938
0.921575
0.928875
0.935831
0.942437
0.948698
0.954604
0.96016
0.96536
0.9702
0.974684
0.978806
0.982564
0.98596
0.988991
0.991654
0.993952
0.99588
0.997441
0.998632
0.999453
0.999904
0.999985
0.999696
0.999037
0.998008
0.996609
0.994841
0.992705
0.990201
0.98733
0.984095
0.980494
0.97653
0.972207
0.967521
0.96248
0.957079
0.951324
0.945221
0.938763
0.931958
0.924817
0.917324
0.909497
0.901328
0.892825
0.883997
0.874836
0.865351
0.855552
0.84543
0.834995
0.824257
0.813207
0.801863
0.790216
0.778275
0.766054
0.753541
0.74075
0.727692
0.714357
0.700765
0.686906
0.672792
0.658438
0.643832
0.628986
0.613918
0.598612
0.583085
0.567351
0.551398
0.535251
0.518895
0.502347
0.485624
0.46871
0.451623
0.434379
0.416963
0.399404
0.381687
0.363828
0.345845
0.327723
0.30948
0.291133
0.272667
0.254101
0.235452
0.216704
0.197887
0.178985
0.160018
0.141002
0.121935
0.10281
0.0836599
0.0644663
0.0452609
0.0260268
0.00678302
-0.0124513
-0.031693
-0.0509229
-0.070122
-0.0893071
-0.108459
-0.127559
-0.146624
-0.165622
-0.184571
-0.203452
-0.222246
-0.240969
-0.259602
-0.278128
-0.296563
-0.314876
-0.333085
-0.351169
-0.369113
-0.386931
-0.404606
-0.42212
-0.439488
-0.456694
-0.47372
-0.490582
-0.507251
-0.523743
-0.54004
-0.556128
-0.57202
-0.5877
-0.603153
-0.618392
-0.633392
-0.648168
-0.662703
-0.676984
-0.691023
-0.704807
-0.71832
-0.731577
-0.744562
-0.757264
-0.769693
-0.781829
-0.793677
-0.805237
-0.816493
-0.827453
-0.838107
-0.848444
-0.858473
-0.868178
-0.877568
-0.886633
-0.895364
-0.903769
-0.911839
-0.919567
-0.926958
-0.934007
-0.940705
-0.94706
-0.95306
-0.95871
-0.964006
-0.968941
-0.973521
-0.97774
-0.981595
-0.985089
-0.988215
-0.990978
-0.993374
-0.995401
-0.99706
-0.99835
-0.99927
-0.99982
-1
-0.99981
-0.999249
-0.998319
-0.997019
-0.995349
-0.993312
-0.990906
-0.988133
-0.984996
-0.981492
-0.977627
-0.973398
-0.968808
-0.963862
-0.958557
-0.952896
-0.946886
-0.940522
-0.93381
-0.926756
-0.919359
-0.911622
-0.903543
-0.895129
-0.886389
-0.877315
-0.867917
-0.858203
-0.848165
-0.837819
-0.827157
-0.816189
-0.804925
-0.793356
-0.781493
-0.769348
-0.756911
-0.744194
-0.731209
-0.717945
-0.704424
-0.690633
-0.676587
-0.662299
-0.647757
-0.632975
-0.617968
-0.602722
-0.587264
-0.571578
-0.55568
-0.539586
-0.523283
-0.506786
-0.490112
-0.473245
-0.456204
-0.439004
-0.421631
-0.404113
-0.386434
-0.368612
-0.350664
-0.332576
-0.314364
-0.296048
-0.27761
-0.259081
-0.240445
-0.22172
-0.202924
-0.184041
-0.16509
-0.14609
-0.127036
-0.107923
-0.0887819
-0.069596
-0.0503963
-0.0311659
-0.011924
0.00731031
0.0265539
0.0457877
0.0649925
0.0841853
0.103335
0.122458
0.141536
0.16055
0.179516
0.198416
0.21723
0.235976
0.254634
0.273186
0.291649
0.309992
0.328232
0.346351
0.36433
0.382185
0.399899
0.417453
0.434864
0.452104
0.469186
0.486095
0.502813
0.519356
0.535706
0.551848
0.567795
0.583533
0.599044
0.614343
0.629405
0.644244
0.658844
0.673191
0.687298
0.70115
0.714734
0.728062
0.741112
0.753896
0.7664
0.778614
0.790546
0.802178
0.813514
0.824555
0.835291
0.845712
0.855825
0.865616
0.875092
0.884244
0.893063
0.901556
0.909716
0.917534
0.925017
0.932154
0.938949
0.945397
0.95149
0.957236
0.962626
0.967657
0.972333
0.976649
0.9806
0.984191
0.987415
0.990276
0.99277
0.994895
0.996653
0.998042
0.99906
0.999709
0.999988
0.999897
0.999435
0.998604
0.997402
0.995831
0.993892
0.991585
0.988909
0.98587
0.982463
0.978696
0.974563
0.970069
0.965219
0.960009
0.954443
0.948527
0.942257
0.935641
0.928675
0.921365
0.913723
0.905734
0.897409
0.888757
0.879771
0.870459
0.86083
0.850877
0.840615
0.830035
0.819148
0.807965
0.796475
0.78469
0.772623
0.760261
0.747626
0.734706
0.721514
0.708064
0.694342
0.680364
0.666142
0.651665
0.636947
0.622002
0.606817
0.591417
0.575789
0.559947
0.543908
0.527657
0.511211
0.494586
0.477768
0.460783
0.443617
0.426287
0.40881
0.39117
0.373386
0.355474
0.33742
0.319241
0.300955
0.282546
0.264044
0.245432
0.22673
0.207955
0.189092
0.170159
0.151174
0.132122
0.113045
0.0939017
0.0747238
0.0555303
0.0363042
0.0170647
-0.00216914
-0.0214142
-0.0406513
-0.0598613
-0.0790612
-0.0982199
-0.117354
-0.136445
-0.155473
-0.174456
-0.193374
-0.212209
-0.230976
-0.249647
-0.268237
-0.286728
-0.3051
-0.323372
-0.341523
-0.359537
-0.377429
-0.395181
-0.412776
-0.430229
-0.447512
-0.46464
-0.481596
-0.498363
-0.514956
-0.531358
-0.547553
-0.563556
-0.57934
-0.594919
-0.610278
-0.625402
-0.640303
-0.654968
-0.669381
-0.683554
-0.697475
-0.711129
-0.724528
-0.737651
-0.750508
-0.763088
-0.775377
-0.787387
-0.799105
-0.810513
-0.821636
-0.832447
-0.842957
-0.853154
-0.86303
-0.872592
-0.881831
-0.890738
-0.89932
-0.907569
-0.915478
-0.923052
-0.93028
-0.937168
-0.943708
-0.949896
-0.955736
-0.961221
-0.966347
-0.971119
-0.975529
-0.979579
-0.983267
-0.986589
-0.989548
-0.99214
-0.994363
-0.99622
-0.997707
-0.998824
-0.999572
-0.99995
-0.999957
-0.999595
-0.998862
-0.997759
-0.996287
-0.994447
-0.992237
-0.989662
-0.986718
-0.983409
-0.979738
-0.975702
-0.971305
-0.966551
-0.961436
-0.955964
-0.950143
-0.943966
-0.937443
-0.93057
-0.923351
-0.915796
-0.907901
-0.899666
-0.891102
-0.882204
-0.872984
-0.863435
-0.853567
-0.843389
-0.832892
-0.822086
-0.810983
-0.799573
-0.787867
-0.775876
-0.763591
-0.751031
-0.738184
-0.725065
-0.711685
-0.698033
-0.684123
-0.669968
-0.655556
-0.640911
-0.626019
-0.610895
-0.595555
-0.579984
-0.564199
-0.548215
-0.532018
-0.515623
-0.499048
-0.482278
-0.46534
-0.448219
-0.430932
-0.413496
-0.395897
-0.37815
-0.360275
-0.342255
-0.32412
-0.305854
-0.287474
-0.268999
-0.250413
-0.231734
-0.212982
-0.194138
-0.175223
-0.156255
-0.137217
-0.11814
-0.0990189
-0.0798497
-0.0606628
-0.0414416
-0.0222049
-0.00297208
0.0162739
0.0355018
0.0547286
0.0739351
0.0931022
0.112247
0.13135
0.150393
0.169391
0.188327
0.207182
0.225971
0.244665
0.263281
0.281798
0.3002
0.318503
0.336687
0.354735
0.372663
0.390442
0.408088
0.425582
0.442908
0.460081
0.477084
0.493899
0.510542
0.526995
0.543244
0.559301
0.575142
0.590779
0.606198
0.621382
0.636346
0.651074
0.665552
0.679793
0.693773
0.707505
0.720975
0.73417
0.747101
0.759755
0.77212
0.784207
0.796004
0.807498
0.818694
0.829587
0.84018
0.850461
0.860421
0.870069
0.879395
0.888389
0.89706
0.905393
0.913397
0.921062
0.928381
0.935362
0.941995
0.948276
0.95421
0.95979
0.965012
0.96988
0.974385
0.978533
0.982318
0.985737
0.988793
0.991483
0.993805
0.99576
0.997345
0.998562
0.999409
0.999885
0.999992
0.999728
0.999094
0.99809
0.996716
0.994975
0.992863
0.990386
0.98754
0.984329
0.980755
0.976816
0.972515
0.967856
0.962837
0.957464
0.951733
0.94565
0.939221
0.93244
0.925313
0.917848
0.910044
0.901898
0.893424
0.884613
0.87548
0.866017
0.856234
0.84614
0.835726
0.825003
0.813981
0.80265
0.79103
0.77911
0.766901
0.754415
0.741643
0.728596
0.715287
0.701705
0.687864
0.673776
0.65943
0.644849
0.63002
0.614958
0.599677
0.584165
0.568436
0.552507
0.536364
0.520032
0.503497
0.486776
0.469885
0.452809
0.435566
0.418172
0.400613
0.382905
0.365066
0.347082
0.32898
0.310744
0.292394
0.273947
0.255387
0.236733
0.218002
0.199179
0.180294
0.161331
0.142307
0.123243
0.104122
0.0849734
0.0657938
0.0465778
0.0273446
0.00811323
-0.0111331
-0.0303634
-0.0495943
-0.0688069
-0.0879821
-0.107137
-0.126252
-0.145308
-0.164322
-0.183264
-0.202149
-0.22096
-0.239677
-0.258317
-0.276862
-0.295292
-0.313625
-0.331841
-0.349923
-0.367887
-0.385704
-0.403389
-0.420924
-0.438293
-0.45551
-0.472559
-0.489422
-0.506114
-0.522609
-0.53892
-0.555032
-0.570928
-0.586623
-0.602101
-0.617346
-0.632372
-0.647163
-0.661706
-0.676013
-0.690061
-0.703862
-0.717403
-0.730669
-0.743673
-0.756402
-0.768843
-0.781007
-0.792874
-0.804455
-0.815738
-0.826706
-0.837381
-0.847746
-0.85779
-0.867523
-0.876935
-0.886017
-0.894776
-0.903199
-0.911292
-0.919048
-0.926459
-0.933531
-0.940257
-0.946632
-0.95266
-0.958331
-0.963651
-0.968615
-0.973216
-0.97746
-0.981342
-0.984859
-0.988013
-0.990801
-0.99322
-0.995274
-0.996957
-0.998273
-0.999219
-0.999794
-0.999999
-0.999835
-0.9993
-0.998394
-0.99712
-0.995476
-0.993463
-0.991084
-0.988336
-0.985222
-0.981746
-0.977903
-0.973699
-0.969137
-0.964213
-0.958935
-0.953299
-0.94731
-0.940973
-0.934285
-0.92725
-0.919877
-0.912158
-0.904112
-0.895721
-0.886999
-0.877953
-0.868577
-0.858879
-0.848869
-0.838538
-0.827897
-0.816956
-0.805706
-0.794165
-0.782322
-0.77019
-0.75778
-0.745082
-0.732108
-0.71887
-0.705359
-0.691595
-0.677566
-0.663286
-0.64877
-0.634004
-0.619004
-0.603783
-0.58833
-0.572659
-0.556785
-0.540696
-0.524416
-0.507932
-0.49126
-0.474417
-0.457387
-0.440188
-0.422837
-0.405318
-0.38766
-0.369848
-0.351899
-0.33383
-0.315627
-0.297307
-0.278888
-0.260354
-0.241724
-0.223017
-0.204215
-0.185349
-0.166402
-0.147394
-0.128344
-0.109234
-0.090083
-0.070923
-0.0517128
-0.0324955
-0.0132542
0.00599208
0.0252241
0.0444588
0.063677
0.0828597
0.102024
0.12115
0.140219
0.159249
0.178207
0.197112
0.215943
0.234683
0.253347
0.271918
0.290376
0.308739
0.326976
0.345103
0.363102
0.380956
0.398679
0.416255
0.433666
0.450927
0.468022
0.484932
0.501673
0.518219
0.534582
0.550748
0.5667
0.582452
0.597988
0.613293
0.628381
0.643226
0.657843
0.672216
0.686331
0.700201
0.713812
0.727149
0.740226
0.753029
0.765545
0.777786
0.789731
0.801391
0.812754
0.823802
0.834559
0.845007
0.855136
0.864955
0.874447
0.883622
0.892469
0.90098
0.909163
0.917009
0.924511
0.931675
0.938495
0.944962
0.951084
0.95685
0.962265
0.967324
0.972021
0.976362
0.980341
0.983955
0.987206
0.99009
0.99261
0.994761
0.996543
0.997958
0.999002
0.999676
0.999981
0.999915
0.999479
0.998672
0.997497
0.995952
0.994037
0.991756
0.989106
0.98609
0.982711
0.978965
0.97486
0.970391
0.965563
0.96038
0.954839
0.948944
0.942701
0.936106
0.929163
0.921881
0.914253
0.906292
0.897995
0.889361
0.880403
0.871113
0.8615
0.851575
0.841328
0.830777
0.819911
0.808741
0.797279
0.785514
0.773459
0.761125
0.748501
0.7356
0.722435
0.708994
0.695299
0.681338
0.667125
0.652674
0.637972
0.623033
0.607874
0.59248
0.576876
0.561049
0.545014
0.528787
0.512354
0.495732
0.478936
0.461953
0.444798
0.42749
0.410013
0.392394
0.37462
0.356706
0.338672
0.320501
0.302212
0.283822
0.265315
0.246722
0.228025
0.209245
0.190398
0.17147
0.152477
0.133441
0.114343
0.0952021
0.0760383
0.0568465
0.0376336
0.0183947
-0.00085088
-0.0200842
-0.0393221
-0.0585454
-0.0777351
-0.0969079
-0.116033
-0.135127
-0.154171
-0.173146
-0.192069
-0.21092
-0.229682
-0.24837
-0.266967
-0.285453
-0.303845
-0.322113
-0.340273
-0.358307
-0.376197
-0.393959
-0.411575
-0.429028
-0.446333
-0.463462
-0.480429
-0.497219
-0.513815
-0.53023
-0.54645
-0.562456
-0.578265
-0.593859
-0.609224
-0.624373
-0.639281
-0.653962
-0.668401
-0.682583
-0.696521
-0.710202
-0.72361
-0.73676
-0.749628
-0.762227
-0.774544
-0.786566
-0.798305
-0.809748
-0.820884
-0.831716
-0.842241
-0.85246
-0.862363
-0.871942
-0.881203
-0.890138
-0.898738
-0.90701
-0.914946
-0.922539
-0.929795
-0.936703
-0.943268
-0.949483
-0.955343
-0.960853
-0.966007
-0.970801
-0.975238
-0.979313
-0.983024
-0.986373
-0.989355
-0.991973
-0.994222
-0.996103
-0.997616
-0.998759
-0.999532
-0.999936
-0.999969
-0.999632
-0.998924
-0.997847
-0.996401
-0.994585
-0.992402
-0.98985
-0.986931
-0.983649
-0.980001
-0.975993
-0.97162
-0.966888
-0.961801
-0.956354
-0.950553
-0.944404
-0.937901
-0.931056
-0.923861
-0.916324
-0.908453
-0.90024
-0.8917
-0.882829
-0.873626
-0.864106
-0.854259
-0.844096
-0.833627
-0.822843
-0.811754
-0.800371
-0.788685
-0.776707
-0.764449
-0.7519
-0.739081
-0.72598
-0.71261
-0.698985
-0.685092
-0.670946
-0.65656
-0.641922
-0.627046
-0.611948
-0.596613
-0.581068
-0.565297
-0.549317
-0.533143
-0.516763
-0.50019
-0.483443
-0.466507
-0.449408
-0.432132
-0.414696
-0.397118
-0.379382
-0.361505
-0.343505
-0.325367
-0.307108
-0.288748
-0.270268
-0.251701
-0.233028
-0.214269
-0.195443
-0.176532
-0.157556
-0.138534
-0.119449
-0.100331
-0.0811637
-0.0619786
-0.0427706
-0.0235348
-0.00429034
0.0149438
0.0341843
0.0534003
0.0726084
0.0917896
0.110925
0.130031
0.149089
0.16808
0.187021
0.205892
0.224675
0.243387
0.261997
0.280522
0.298943
0.317241
0.335434
0.353502
0.371428
0.389228
0.406884
0.424378
0.441726
0.4589
0.475914
0.492752
0.509397
0.525864
0.542137
0.558198
0.574063
0.589705
0.605139
0.620349
0.635319
0.650064
0.664568
0.678817
0.692823
0.706573
0.720052
0.733274
0.746216
0.758889
0.771282
0.783381
0.795198
0.80672
0.817937
0.828857
0.839458
0.849761
0.859749
0.869413
0.878761
0.887783
0.896471
0.904833
0.912855
0.920543
0.927891
0.93489
0.941548
0.947857
0.953811
0.959416
0.964666
0.969555
0.974088
0.978258
0.982068
0.985514
0.988594
0.991309
0.993657
0.995636
0.997248
0.99849
0.999362
0.999864
0.999996
0.999758
0.999149
0.998171
0.996823
0.995106
0.993021
0.990567
0.987749
0.984562
0.981011
0.9771
0.972824
0.968187
0.963195
0.957844
0.952137
0.946082
0.939673
0.932919
0.925817
0.918371
0.91059
0.902467
0.89401
0.885232
0.876116
0.866682
0.85692
0.846842
0.836456
0.825754
0.814746
0.803443
0.791836
0.779943
0.767754
0.75528
0.742535
0.729506
0.716208
0.702652
0.688828
0.674749
0.660429
0.645856
0.631052
0.616006
0.600731
0.585244
0.56953
0.553606
0.537486
0.521157
0.504636
0.487937
0.471048
0.453995
0.436763
0.419369
0.401831
0.384133
0.366293
0.348329
0.330224
0.312009
0.293666
0.275215
0.256673
0.238025
0.219288
0.200482
0.181591
0.162631
0.143624
0.124551
0.105445
0.0862868
0.0670972
0.0479066
0.0286743
0.00943145
-0.00980294
-0.0290457
-0.0482657
-0.0674798
-0.0866689
-0.105814
-0.124932
-0.144003
-0.16301
-0.181968
-0.200846
-0.219662
-0.238397
-0.257032
-0.275583
-0.294033
-0.312361
-0.330586
-0.348688
-0.36665
-0.384487
-0.402171
-0.419717
-0.437108
-0.454326
-0.471386
-0.488272
-0.504967
-0.521485
-0.537809
-0.553925
-0.569846
-0.585545
-0.601038
-0.616308
-0.631341
-0.646149
-0.660717
-0.675032
-0.689106
-0.702917
-0.716475
-0.729769
-0.742783
-0.755531
-0.767999
-0.780175
-0.79207
-0.803671
-0.814968
-0.82597
-0.836659
-0.847039
-0.857112
-0.866861
-0.876295
-0.885405
-0.894181
-0.902632
-0.910743
-0.918523
-0.925962
-0.933053
-0.939804
-0.946206
-0.952254
-0.957954
-0.963295
-0.968283
-0.972912
-0.977179
-0.981086
-0.984629
-0.987807
-0.99062
-0.993066
-0.995144
-0.996854
-0.998194
-0.999165
-0.999766
-0.999997
-0.999858
-0.999348
-0.998469
-0.997219
-0.995601
-0.993614
-0.991259
-0.988538
-0.985449
-0.981996
-0.978181
-0.974001
-0.969461
-0.964565
-0.959308
-0.9537
-0.947735
-0.941419
-0.934758
-0.927748
-0.920393
-0.912703
-0.90467
-0.896301
-0.887607
-0.878583
-0.869235
-0.859559
-0.849565
-0.839262
-0.828643
-0.817716
-0.806493
-0.794965
-0.78315
-0.771038
-0.75864
-0.745968
-0.733013
-0.719786
-0.706301
-0.692546
-0.678544
-0.664281
-0.649772
-0.635032
-0.620048
-0.604834
-0.589405
-0.573749
-0.55788
-0.541814
-0.525538
-0.509078
-0.492418
-0.475577
-0.45857
-0.441382
-0.424031
-0.406534
-0.388875
-0.371072
-0.353143
-0.335073
-0.316889
-0.298577
-0.280154
-0.261639
-0.243015
-0.224302
-0.205517
-0.186644
-0.167714
-0.14871
-0.129651
-0.110556
-0.0914077
-0.0722259
-0.0530293
-0.033813
-0.0145843
0.00466185
0.0239063
0.0431298
0.0623494
0.0815459
0.1007
0.119829
0.138914
0.157935
0.17691
0.195807
0.214644
0.233401
0.25206
0.270638
0.289115
0.307473
0.32573
0.343854
0.361862
0.379736
0.397459
0.415045
0.432478
0.44974
0.466846
0.483779
0.500522
0.517091
0.533458
0.549637
0.565613
0.58137
0.596921
0.612251
0.627345
0.642216
0.656849
0.67123
0.685372
0.699251
0.712879
0.726244
0.739331
0.752153
0.764696
0.776949
0.788921
0.800594
0.811978
0.823061
0.833832
0.844302
0.854452
0.864286
0.873807
0.882998
0.891868
0.900407
0.908608
0.916478
0.924008
0.931191
0.938034
0.94453
0.950672
0.956466
0.961902
0.966986
0.971711
0.976074
0.980078
0.983718
0.986993
0.989904
0.992447
0.994624
0.996433
0.997872
0.998942
0.999642
0.999972
0.999931
0.999521
0.99874
0.997589
0.99607
0.994181
0.991924
0.989301
0.98631
0.982954
0.979236
0.975153
0.970709
0.965908
0.960747
0.955233
0.949363
0.94314
0.936573
0.929654
0.922391
0.914792
0.906848
0.898575
0.889963
0.881027
0.871765
0.862175
0.852265
0.842047
0.83151
0.820671
0.809522
0.798074
0.786337
0.774301
0.761979
0.749382
0.736501
0.723346
0.709931
0.696246
0.682311
0.668115
0.653672
0.638995
0.624073
0.60892
0.593551
0.577952
0.562149
0.546128
0.529905
0.513496
0.496887
0.480093
0.463132
0.445989
0.428681
0.411226
0.393606
0.375853
0.357949
0.339912
0.321761
0.303479
0.285085
0.266597
0.247999
0.229309
0.210545
0.191692
0.17278
0.153792
0.134747
0.115664
0.0965262
0.0773527
0.0581626
0.0389389
0.0197248
0.000479369
-0.0187662
-0.0379928
-0.0572174
-0.0764207
-0.0955838
-0.114723
-0.133809
-0.152856
-0.171847
-0.190763
-0.20962
-0.228399
-0.247082
-0.265685
-0.284189
-0.302577
-0.320864
-0.339022
-0.357065
-0.374975
-0.392736
-0.410362
-0.427837
-0.445142
-0.462293
-0.479262
-0.496065
-0.512684
-0.529102
-0.545335
-0.561366
-0.577179
-0.592788
-0.608178
-0.623333
-0.638267
-0.652955
-0.667411
-0.681619
-0.695566
-0.709264
-0.7227
-0.73586
-0.748755
-0.761373
-0.773702
-0.785752
-0.797503
-0.808966
-0.82013
-0.830983
-0.841536
-0.851776
-0.861689
-0.871295
-0.880573
-0.889531
-0.898159
-0.906449
-0.914409
-0.92203
-0.929305
-0.93624
-0.942825
-0.949065
-0.954953
-0.960484
-0.965663
-0.970484
-0.974943
-0.979043
-0.982782
-0.986153
-0.989162
-0.991803
-0.994079
-0.995986
-0.997523
-0.998692
-0.999491
-0.99992
-0.999978
-0.999667
-0.998985
-0.997933
-0.996512
-0.994722
-0.992563
-0.990038
-0.987145
-0.983886
-0.980265
-0.976279
-0.971934
-0.967226
-0.962161
-0.956742
-0.950965
-0.944837
-0.938362
-0.931536
-0.924365
-0.916856
-0.909003
-0.900819
-0.892296
-0.883442
-0.874273
-0.864768
-0.854944
-0.844809
-0.834355
-0.823598
-0.81253
-0.801161
-0.789503
-0.777544
-0.765298
-0.752777
-0.739968
-0.726894
-0.713543
-0.699927
-0.686061
-0.671932
-0.657554
-0.642942
-0.628082
-0.61299
-0.59768
-0.58214
-0.566394
-0.550428
-0.534258
-0.517901
-0.501342
-0.484597
-0.467683
-0.450585
-0.433331
-0.415906
-0.398327
-0.380612
-0.362745
-0.344743
-0.326625
-0.308374
-0.290009
-0.271549
-0.252976
-0.234322
-0.215569
-0.196736
-0.177842
-0.15887
-0.13984
-0.120769
-0.101642
-0.0824775
-0.0632943
-0.0440757
-0.0248527
-0.00562057
0.0136256
0.0328548
0.0520838
0.0712935
0.0904649
0.109615
0.128712
0.147774
0.16678
0.185714
0.20459
0.22339
0.242097
0.260725
0.279245
0.297673
0.315991
0.33418
0.352258
0.370204
0.388003
0.405669
0.423184
0.440532
0.457728
0.474744
0.491594
0.508263
0.524733
0.541018
0.557104
0.572973
0.58864
0.604079
0.619305
0.634301
0.649052
0.663573
0.677848
0.691863
0.705631
0.719137
0.732369
0.745337
0.758022
0.770434
0.782561
0.794391
0.805933
0.817177
0.828112
0.838747
0.849071
0.859069
0.868761
0.878125
0.88717
0.895886
0.904266
0.912316
0.920027
0.927394
0.934422
0.941099
0.947432
0.953415
0.95904
0.964314
0.969231
0.973786
0.977984
0.981816
0.985288
0.988394
0.991133
0.993507
0.995513
0.997148
0.998416
0.999314
0.999841
0.999999
0.999786
0.999203
0.99825
0.996928
0.995236
0.993176
0.990749
0.987953
0.984794
0.981269
0.977379
0.973131
0.968519
0.963549
0.958225
0.952543
0.946508
0.940127
0.933393
0.926319
0.918896
0.911134
0.903039
0.894605
0.885839
0.876751
0.867339
0.857605
0.847548
0.837178
0.826503
0.815516
0.804227
0.792648
0.780767
0.768598
0.756151
0.743417
0.730415
0.717135
0.70359
0.689792
0.675731
0.661419
0.646871
0.632074
0.617053
0.601794
0.586313
0.570623
0.554713
0.538597
0.522292
0.505783
0.489088
0.472221
0.455169
0.437959
0.420576
0.403038
0.385361
0.367531
0.349564
0.331479
0.313261
0.294937
0.276493
0.257947
0.239317
0.220586
0.201774
0.182899
0.163944
0.144928
0.125871
0.106755
0.0876121
0.0684244
0.0492113
0.029992
0.0107496
-0.00848473
-0.027716
-0.0469489
-0.0661525
-0.0853436
-0.104503
-0.123612
-0.142687
-0.161709
-0.180659
-0.199555
-0.218376
-0.237105
-0.255758
-0.274304
-0.292761
-0.311109
-0.32933
-0.347441
-0.365423
-0.383259
-0.400964
-0.41851
-0.435911
-0.453151
-0.470213
-0.487111
-0.503828
-0.520349
-0.536687
-0.552827
-0.568752
-0.584476
-0.599974
-0.61526
-0.630318
-0.645133
-0.659718
-0.674059
-0.688142
-0.701978
-0.715547
-0.728858
-0.7419
-0.754659
-0.767147
-0.77935
-0.791257
-0.802879
-0.814203
-0.825219
-0.835937
-0.846338
-0.856432
-0.866203
-0.875654
-0.884786
-0.89359
-0.902059
-0.910198
-0.917996
-0.925458
-0.932578
-0.939348
-0.945775
-0.951851
-0.957571
-0.96294
-0.967953
-0.972604
-0.976898
-0.980827
-0.984396
-0.9876
-0.990437
-0.992909
-0.995013
-0.996747
-0.998114
-0.99911
-0.999737
-0.999993
-0.999879
-0.999395
-0.998541
-0.997318
-0.995724
-0.993762
-0.991433
-0.988736
-0.985675
-0.982246
-0.978454
-0.974302
-0.969786
-0.964911
-0.959683
-0.954095
-0.948158
-0.941867
-0.935226
-0.928243
-0.920913
-0.913241
-0.905236
-0.89689
-0.888213
-0.879212
-0.86988
-0.860238
-0.850266
-0.839978
-0.829386
-0.818481
-0.807272
-0.795772
-0.783969
-0.771884
-0.759506
-0.746846
-0.733917
-0.720709
-0.707234
-0.693505
-0.679511
-0.665266
-0.650783
-0.63605
-0.621091
-0.605892
-0.59047
-0.574838
-0.558983
-0.542922
-0.52667
-0.510212
-0.493576
-0.476747
-0.459741
-0.442575
-0.425235
-0.407738
-0.3901
-0.372307
-0.354376
-0.336326
-0.318139
-0.299846
-0.28143
-0.262911
-0.244305
-0.225598
-0.206807
-0.187951
-0.169013
-0.150025
-0.13097
-0.111866
-0.0927323
-0.0735526
-0.0543456
-0.0351305
-0.0158904
0.00335558
0.0225764
0.0418128
0.0610217
0.08022
0.0993886
0.118508
0.137596
0.156633
0.1756
0.194514
0.213344
0.232107
0.250784
0.269357
0.287841
0.306219
0.324472
0.342616
0.360633
0.378505
0.396249
0.413835
0.431278
0.448562
0.465669
0.482614
0.499381
0.515952
0.532342
0.548526
0.564516
0.580297
0.595853
0.611199
0.626318
0.641196
0.655846
0.670253
0.684402
0.698308
0.711946
0.725329
0.738443
0.751276
0.763839
0.776118
0.788103
0.799803
0.811201
0.822305
0.833104
0.843588
0.853767
0.863629
0.873159
0.882378
0.891271
0.899828
0.908057
0.915945
0.923498
0.93071
0.937573
0.944092
0.950262
0.956077
0.961541
0.966646
0.971396
0.975786
0.979812
0.983479
0.98678
0.989715
0.992285
0.994487
0.99632
0.997785
0.99888
0.999605
0.999961
0.999946
0.999561
0.998805
0.997681
0.996186
0.994324
0.992092
0.989492
0.986529
0.983198
0.979502
0.975447
0.971028
0.966249
0.961115
0.955623
0.94978
0.943582
0.937034
0.930143
0.922904
0.915323
0.907408
0.899152
0.890569
0.88165
0.872405
0.862842
0.852961
0.842757
0.832248
0.821424
0.810296
0.798875
0.787151
0.775142
0.76284
0.750255
0.7374
0.724264
0.710859
0.6972
0.683274
0.669104
0.654678
0.640009
0.625112
0.609975
0.594611
0.579037
0.563239
0.547232
0.531033
0.514627
0.498041
0.48126
0.4643
0.44718
0.429883
0.412427
0.394829
0.377074
0.359191
0.341163
0.323009
0.304747
0.28636
0.267868
0.249287
0.230603
0.211834
0.192998
0.174078
0.155106
0.136065
0.116973
0.0978502
0.0786789
0.0594785
0.0402681
0
0
0
0
0
0
0
0
0
0
0
0
0
0
0
0
0
0
0
0
0
0
0
0
0
0
0
0
0
0
0
0
0
0
0
0
0
0
0
0
0
0
0
0
0
0
0
0
0
0
0
0
0
0
0
0
0
0
0
0
0
0
0
0
0
0
0
0
0
0
0
0
0
0
0
0
0
0
0
0
0
0
0
0
0
0
0
0
0
0
0
0
0
0
0
0
0
0
0
0
0
0
0
0
0
0
0
0
0
0
0
0
0
0
0
0
0
0
0
0
0
0
0
0
0
0
0
0
0
0
0
0
0
0
0
0
0
0
0
0
0
0
0
0
0
0
0
0
0
0
0
0
0
0
0
0
0
0
0
0
0
0
0
0
0
0
0
0
0
0
0
0
0
0
0
0
0
0
0
0
0
0
0
0
0
0
0
0
0
0
0
0
0
0
0
0
0
0
0
0
0
0
0
0
0
0
0
0
0
0
0
0
0
0
0
0
0
0
0
0
0
0
0
0
0
0
0
0
0
0
0
0
0
0
0
0
0
0
0
0
0
0
0
0
0
0
0
0
0
0
0
0
0
0
0
0
0
0
0
0
0
0
0
0
0
0
0
0
0
0
0
0
0
0
0
0
0
0
0
0
0
0
0
0
0
0
0
0
0
0
0
0
0
0
0
0
0
0
0
0
0
0
0
0
0
0
0
0
0
0
0
0
0
0
0
0
0
0
0
0
0
0
0
0
0
0
0
0
0
0
0
0
0
0
0
0
0
0
0
0
0
0
0
0
0
0
0
0
0
0
0
0
0
0
0
0
0
0
0
0
0
0
0
0
0
0
0
0
0
0
0
0
0
0
0
0
0
0
0
0
0
0
0
0
0
0
0
0
0
0
0
0
0
0
0
0
0
0
0
0
0
0
0
0
0
0
0
0
0
0
0
0
0
0
0
0
0
0
0
0
0
0
0
0
0
0
0
0
0
0
0
0
0
0
0
0
0
0
0
0
0
0
0
0
0
0
0
0
0
0
0
0
0
0
0
0
0
0
0
0
0
0
0
0
0
0
0
0
0
0
0
0
0
0
0
0
0
0
0
0
0
0
0
0
0
0
0
0
0
0
0
0
0
0
0
0
0
0
0
0
0
0
0
0
0
0
0
0
0
0
0
0
0
0
0
0
0
0
0
0
0
0
0
0
0
0
0
0
0
0
0
0
0
0
0
0
0
0
0
0
0
0
0
0
0
0
0
0
0
0
0
0
0
0
0
0
0
0
0
0
0
0
0
0
0
0
0
0
0
0
0
0
0
0
0
0
0
0
0
0
0
0
0
0
0
0
0
0
0
0
0
0
0
0
0
0
0
0
0
0
0
0
0
0
0
0
0
0
0
0
0
0
0
0
0
0
0
0
0
0
0
0
0
0
0
0
0
0
0
0
0
0
0
0
0
0
0
0
0
0
0
0
0
0
0
0
0
0
0
0
0
0
0
0
0
0
0
0
0
0
0
0
0
0
0
0
0
0
0
0
0
0
0
0
0
0
0
0
0
0
0
0
0
0
0
0
0
0
0
0
0
0
0
0
0
0
0
0
0
0
0
0
0
0
0
0
0
0
0
0
0
0
0
0
0
0
0
0
0
0
0
0
0
0
0
0
0
0
0
0
0
0
0
0
0
0
0
0
0
0
0
0
0
0
0
0
0
0
0
0
0
0
0
0
0
0
0
0
0
0
0
0
0
0
0
0
0
0
0
0
0
0
0
0
0
0
0
0
0
0
0
0
0
0
0
0
0
0
0
0
0
0
0
0
0
0
0
0
0
0
0
0
0
0
0
0
0
0
0
0
0
0
0
0
0
0
0
0
0
0
0
0
0
0
0
0
0
0
0
0
0
0
0
0
0
0
0
0
0
0
0
0
0
0
0
0
0
0
0
0
0
0
0
0
0
0
0
0
0
0
0
0
0
0
0
0
0
0
0
0
0
0
0
0
0
0
0
0
0
0
0
0
0
0
0
0
0
0
0
0
0
0
0
0
0
0
0
0
0
0
0
0
0
0
0
0
0
0
0
0
0
0
0
0
0
0
0
0
0
0
0
0
0
0
0
0
0
0
0
0
0
0
0
0
0
0
0
0
0
0
0
0
0
0
0
0
0
0
0
0
0
0
0
0
0
0
0
0
0
0
0
0
0
0
0
0
0
0
0
0
0
0
0
0
0
0
0
0
0
0
0
0
0
0
0
0
0
0
0
0
0
0
0
0
0
0
0
0
0
0
0
0
0
0
0
0
0
0
0
0
0
0
0
0
0
0
0
0
0
0
0
0
0
0
0
0
0
0
0
0
0
0
0
0
0
0
0
0
0
0
0
0
0
0
0
0
0
0
0
0
0
0
0
0
0
0
0
0
0
0
0
0
0
0
0
0
0
0
0
0
0
0
0
0
0
0
0
0
0
0
0
0
0
0
0
0
0
0
0
0
0
0
0
0
0
0
0
0
0
0
0
0
0
0
0
0
0
0
0
0
0
0
0
0
0
0
0
0
0
0
0
0
0
0
0
0
0
0
0
0
0
0
0
0
0
0
0
0
0
0
0
0
0
0
0
0
0
0
0
0
0
0
0
0
0
0
0
0
0
0
0
0
0
0
0
0
0
0
0
0
0
0
0
0
0
0
0
0
0
0
0
0
0
0
0
0
0
0
0
0
0
0
0
0
0
0
0
0
0
0
0
0
0
0
0
0
0
0
0
0
0
0
0
0
0
0
0
0
0
0
0
0
0
0
0
0
0
0
0
0
0
0
0
0
0
0
0
0
0
0
0
0
0
0
0
0
0
0
0
0
0
0
0
0
0
0
0
0
0
0
0
0
0
0
0
0
0
0
0
0
0
0
0
0
0
0
0
0
0
0
0
0
0
0
0
0
0
0
0
0
0
0
0
0
0
0
0
0
0
0
0
0
0
0
0
0
0
0
0
0
0
0
0
0
0
0
0
0
0
0
0
0
0
0
0
0
0
0
0
0
0
0
0
0
0
0
0
0
0
0
0
0
0
0
0
0
0
0
0
0
0
0
0
0
0
0
0
0
0
0
0
0
0
0
0
0
0
0
0
0
0
0
0
0
0
0
0
0
0
0
0
0
0
0
0
0
0
0
0
0
0
0
0
0
0
0
0
0
0
0
0
0
0
0
0
0
0
0
0
0
0
0
0
0
0
0
0
0
0
0
0
0
0
0
0
0
0
0
0
0
0
0
0
0
0
0
0
0
0
0
0
0
0
0
0
0
0
0
0
0
0
0
0
0
0
0
0
0
0
0
0
0
0
0
0
0
0
0
0
0
0
0
0
0
0
0
0
0
0
0
0
0
0
0
0
0
0
0
0
0
0
0
0
0
0
0
0
0
0
0
0
0
0
0
0
0
0
0
0
0
0
0
0
0
0
0
0
0
0
0
0
0
0
0
0
0
0
0
0
0
0
0
0
0
0
0
0
0
0
0
0
0
0
0
0
0
0
0
0
0
0
0
0
0
0
0
0
0
0
0
0
0
0
0
0
0
0
0
0
0
0
0
0
0
0
0
0
0
0
0
0
0
0
0
0
0
0
0
0
0
0
0
0
0
0
0
0
0
0
0
0
0
0
0
0
0
0
0
0
0
0
0
0
0
0
0
0
0
0
0
0
0
0
0
0
0
0
0
0
0
0
0
0
0
0
0
0
0
0
0
0
0
0
0
0
0
0
0
0
0
0
0
0
0
0
0
0
0
0
0
0
0
0
0
0
0
0
0
0
0
0
0
0
0
0
0
0
0
0
0
0
0
0
0
0
0
0
0
0
0
0
0
0
0
0
0
0
0
0
0
0
0
0
0
0
0
0
0
0
0
0
0
0
0
0
0
0
0
0
0
0
0
0
0
0
0
0
0
0
0
0
0
0
0
0
0
0
0
0
0
0
0
0
0
0
0
0
0
0
0
0
0
0
0
0
0
0
0
0
0
0
0
0
0
0
0
0
0
0
0
0
0
0
0
0
0
0
0
0
0
0
0
0
0
0
0
0
0
0
0
0
0
0
0
0
0
0
0
0
0
0
0
0
0
0
0
0
0
0
0
0
0
0
0
0
0
0
0
0
0
0
0
0
0
0
0
0
0
0
0
0
0
0
0
0
0
0
0
0
0
0
0
0
0
0
0
0
0
0
0
0
0
0
0
0
0
0
0
0
0
0
0
0
0
0
0
0
0
0
0
0
0
0
0
0
0
0
0
0
0
0
0
0
0
0
0
0
0
0
0
0
0
0
0
0
0
0
0
0
0
0
0
0
0
0
0
0
0
0
0
0
0
0
0
0
0
0
0
0
0
0
0
0
0
0
0
0
0
0
0
0
0
0
0
0
0
0
0
0
0
0
0
0
0
0
0
0
0
0
0
0
0
0
0
0
0
0
0
0
0
0
0
0
0
0
0
0
0
0
0
0
0
0
0
0
0
0
0
0
0
0
0
0
0
0
0
0
0
0
0
0
0
0
0
0
0
0
0
0
0
0
