SAMPLERATE
44100

WAVE
w1
triangle
0.02 0.1

SOUND
s1
w1 0.8

SONG
s1 40 0 0.475
s1 40 0.5 0.475
s1 47 1 0.475
s1 47 1.5 0.475
s1 49 2 0.475
s1 49 2.5 0.475
s1 47 3 0.95
s1 45 4 0.475
s1 45 4.5 0.475
s1 44 5 0.475
s1 44 5.5 0.475
s1 42 6 0.475
s1 42 6.5 0.475
s1 40 7 0.95
s1 47 8 0.475
s1 47 8.5 0.475
s1 45 9 0.475
s1 45 9.5 0.475
s1 44 10 0.475
s1 44 10.5 0.475
s1 42 11 0.95
s1 47 12 0.475
s1 47 12.5 0.475
s1 45 13 0.475
s1 45 13.5 0.475
s1 44 14 0.475
s1 44 14.5 0.475
s1 42 15 0.95
s1 40 16 0.475
s1 40 16.5 0.475
s1 47 17 0.475
s1 47 17.5 0.475
s1 49 18 0.475
s1 49 18.5 0.475
s1 47 19 0.95
s1 45 20 0.475
s1 45 20.5 0.475
s1 44 21 0.475
s1 44 21.5 0.475
s1 42 22 0.475
s1 42 22.5 0.475
s1 40 23 0.95